0	 0.60638 	 -1.#IND 	 -1.#IND 
100	 0.331489 	 26.8828 	 34.8533 
200	 0.220715 	 19.5962 	 24.1517 
300	 0.235318 	 19.5509 	 23.7665 
400	 0.225726 	 21.2375 	 20.4466 
500	 0.217722 	 16.7456 	 16.1849 
600	 0.183779 	 15.1734 	 16.3445 
700	 0.152629 	 15.3153 	 14.3243 
800	 0.189931 	 15.3272 	 17.4296 
900	 0.150442 	 11.7475 	 13.019 
1000	 0.141512 	 12.5485 	 12.8726 
1100	 0.133323 	 14.0129 	 15.8922 
1200	 0.136163 	 12.9814 	 13.4555 
1300	 0.14938 	 11.7995 	 12.3339 
1400	 0.154011 	 9.19444 	 9.5877 
1500	 0.125208 	 10.6351 	 10.1546 
1600	 0.126823 	 10.3853 	 9.84557 
1700	 0.122558 	 11.2926 	 11.3894 
1800	 0.129255 	 12.5202 	 11.0032 
1900	 0.0939189 	 9.7788 	 12.2457 
2000	 0.0983596 	 8.01598 	 8.06097 
2100	 0.11463 	 10.8549 	 12.8268 
2200	 0.152785 	 11.449 	 10.7637 
2300	 0.146282 	 11.8268 	 9.5775 
2400	 0.11012 	 9.38251 	 7.62432 
2500	 0.111713 	 9.30795 	 8.09961 
2600	 0.131542 	 8.7533 	 9.31618 
2700	 0.132966 	 7.67397 	 8.87204 
2800	 0.121901 	 8.25653 	 8.64115 
2900	 0.098446 	 8.62261 	 8.58856 
3000	 0.115907 	 9.00905 	 10.8667 
3100	 0.10735 	 8.35087 	 9.1286 
3200	 0.0898181 	 7.65761 	 7.45541 
3300	 0.104169 	 9.08768 	 8.56823 
3400	 0.0914486 	 7.45083 	 8.67439 
3500	 0.0667299 	 9.35212 	 8.34201 
3600	 0.101943 	 7.36607 	 7.08916 
3700	 0.102804 	 8.94613 	 9.0363 
3800	 0.143223 	 8.21824 	 8.50055 
3900	 0.0954187 	 7.22804 	 8.05162 
4000	 0.129723 	 7.12783 	 8.23439 
4100	 0.105228 	 8.06003 	 8.29213 
4200	 0.107151 	 7.62816 	 8.41436 
4300	 0.0721554 	 7.31824 	 7.76075 
4400	 0.087469 	 8.22988 	 8.07427 
4500	 0.097784 	 7.45478 	 7.65003 
4600	 0.106398 	 8.41416 	 9.42734 
4700	 0.0837543 	 6.30615 	 5.42537 
4800	 0.142807 	 6.25483 	 6.51488 
4900	 0.0829507 	 6.93403 	 7.66324 
5000	 0.113082 	 8.34395 	 8.95242 
5100	 0.0884923 	 7.87667 	 9.0351 
5200	 0.113477 	 7.33378 	 8.3643 
5300	 0.113748 	 7.93799 	 7.23035 
5400	 0.0868184 	 6.34036 	 5.9432 
5500	 0.0945597 	 7.19903 	 7.01167 
5600	 0.0778194 	 5.78201 	 7.21567 
5700	 0.0816831 	 5.4664 	 5.60671 
5800	 0.0849571 	 5.244 	 5.14145 
5900	 0.0859519 	 6.21726 	 6.35661 
6000	 0.0605121 	 7.15525 	 7.67842 
6100	 0.115791 	 6.17061 	 7.74149 
6200	 0.0898007 	 6.74216 	 7.61833 
6300	 0.0848834 	 5.76001 	 5.81111 
6400	 0.0949699 	 6.95996 	 7.56429 
6500	 0.0795587 	 6.83793 	 6.55399 
6600	 0.0942964 	 6.13285 	 7.15684 
6700	 0.0867656 	 6.30876 	 5.82624 
6800	 0.0977463 	 6.63531 	 5.54985 
6900	 0.0669095 	 6.5085 	 6.4926 
7000	 0.0913534 	 7.57389 	 7.83271 
7100	 0.0720225 	 6.0717 	 6.40486 
7200	 0.0651494 	 6.69944 	 7.84607 
7300	 0.077103 	 6.21792 	 5.74889 
7400	 0.120535 	 5.84381 	 6.02841 
7500	 0.0694277 	 7.44789 	 8.73193 
7600	 0.0622401 	 5.53844 	 5.77936 
7700	 0.0863316 	 5.55189 	 5.63648 
7800	 0.0835645 	 5.36695 	 5.86623 
7900	 0.0813561 	 5.83382 	 6.07942 
8000	 0.0987636 	 7.34326 	 7.95933 
8100	 0.0887065 	 6.24293 	 6.68237 
8200	 0.10067 	 6.59921 	 6.36091 
8300	 0.0636127 	 5.00188 	 5.47219 
8400	 0.075132 	 6.28452 	 6.32118 
8500	 0.0765965 	 5.47815 	 6.24 
8600	 0.0836469 	 5.18203 	 4.43126 
8700	 0.0654341 	 7.05521 	 7.36032 
8800	 0.0916913 	 4.28037 	 4.68374 
8900	 0.0744648 	 5.46999 	 6.3283 
9000	 0.0498399 	 6.17453 	 6.06864 
9100	 0.0734796 	 5.41128 	 5.54066 
9200	 0.0749719 	 5.25275 	 5.1578 
9300	 0.0728743 	 6.17135 	 7.43039 
9400	 0.0925749 	 5.97525 	 6.09537 
9500	 0.0756509 	 5.79231 	 6.54137 
9600	 0.0812351 	 5.6557 	 5.35712 
9700	 0.0748471 	 5.95482 	 6.47879 
9800	 0.0789238 	 5.44369 	 6.32865 
9900	 0.0791164 	 5.06676 	 5.69337 
10000	 0.071053 	 5.88799 	 6.99292 
10100	 0.10013 	 5.71372 	 6.02401 
10200	 0.0704243 	 5.75 	 6.11498 
10300	 0.0712402 	 6.23173 	 7.32326 
10400	 0.0538701 	 5.22721 	 6.41265 
10500	 0.0594089 	 5.72436 	 5.73444 
10600	 0.0760244 	 6.29079 	 6.48561 
10700	 0.0527824 	 5.2588 	 5.95198 
10800	 0.0496227 	 5.78639 	 6.08781 
10900	 0.0683895 	 4.99509 	 5.97638 
11000	 0.105823 	 6.27899 	 6.71438 
11100	 0.0913462 	 6.16736 	 7.86948 
11200	 0.0642106 	 5.45451 	 5.66207 
11300	 0.0785835 	 5.33122 	 5.75857 
11400	 0.064489 	 5.68981 	 5.74976 
11500	 0.0927626 	 5.50448 	 6.76521 
11600	 0.0616969 	 5.3786 	 4.94744 
11700	 0.0746921 	 5.34405 	 5.86366 
11800	 0.0513202 	 5.76582 	 6.2122 
11900	 0.1026 	 5.38319 	 5.85238 
12000	 0.0644323 	 6.03475 	 6.89151 
12100	 0.0758824 	 6.28434 	 7.39574 
12200	 0.055248 	 4.90226 	 4.80931 
12300	 0.066462 	 5.08362 	 5.73956 
12400	 0.0850265 	 5.54195 	 6.65808 
12500	 0.0448137 	 4.89012 	 5.68441 
12600	 0.0750339 	 4.54369 	 5.2488 
12700	 0.0695561 	 4.64465 	 5.35562 
12800	 0.0730215 	 5.70104 	 6.22697 
12900	 0.0664052 	 5.58191 	 5.38702 
13000	 0.064626 	 5.58407 	 6.40235 
13100	 0.0759696 	 4.35056 	 3.96722 
13200	 0.0924555 	 5.6703 	 6.58385 
13300	 0.0766027 	 5.00076 	 6.11563 
13400	 0.0611956 	 5.02387 	 6.2475 
13500	 0.0786046 	 4.90401 	 5.42677 
13600	 0.0653066 	 4.84291 	 5.12144 
13700	 0.089689 	 5.49124 	 6.32758 
13800	 0.0665081 	 4.51006 	 5.01894 
13900	 0.0635501 	 5.00782 	 5.68476 
14000	 0.0496442 	 5.17199 	 6.00493 
14100	 0.0549403 	 4.92577 	 5.21982 
14200	 0.0453972 	 5.48374 	 6.51314 
14300	 0.0539846 	 6.28556 	 7.70195 
14400	 0.054974 	 5.29219 	 5.1749 
14500	 0.0793847 	 5.18473 	 5.00389 
14600	 0.0504451 	 4.6673 	 5.19707 
14700	 0.0713751 	 6.07192 	 6.36072 
14800	 0.059808 	 5.85523 	 6.89126 
14900	 0.0679074 	 5.88906 	 6.62105 
15000	 0.0697566 	 5.48953 	 6.35397 
15100	 0.046257 	 4.77964 	 4.31422 
15200	 0.0593012 	 4.68055 	 4.32927 
15300	 0.0523126 	 4.52066 	 5.09484 
15400	 0.0606975 	 5.31353 	 5.55189 
15500	 0.0794198 	 5.5711 	 6.41927 
15600	 0.0653129 	 6.21478 	 6.32384 
15700	 0.0804718 	 5.91825 	 6.46461 
15800	 0.0700531 	 5.07011 	 5.5333 
15900	 0.0578864 	 5.67275 	 6.22858 
16000	 0.0596875 	 5.54523 	 6.1372 
16100	 0.0614059 	 4.91498 	 5.71052 
16200	 0.071141 	 5.66159 	 6.25645 
16300	 0.0438142 	 5.49027 	 6.2782 
16400	 0.0446978 	 5.92561 	 6.52407 
16500	 0.0531361 	 6.46933 	 6.54344 
16600	 0.0546255 	 4.78634 	 5.31354 
16700	 0.0447077 	 4.94363 	 5.20367 
16800	 0.0561815 	 5.68152 	 5.66947 
16900	 0.0623843 	 5.53746 	 5.78348 
17000	 0.0679429 	 4.65411 	 4.97559 
17100	 0.0403383 	 4.60512 	 4.9071 
17200	 0.0619321 	 5.18591 	 5.68778 
17300	 0.0704293 	 4.60544 	 5.10803 
17400	 0.0714186 	 4.0561 	 3.87557 
17500	 0.0700579 	 5.25331 	 5.28928 
17600	 0.063605 	 4.66766 	 5.18478 
17700	 0.0603156 	 5.50042 	 5.96524 
17800	 0.0614087 	 5.60885 	 5.97841 
17900	 0.0552231 	 5.6007 	 5.44668 
18000	 0.0588213 	 5.23487 	 4.85281 
18100	 0.0499413 	 4.77291 	 5.60661 
18200	 0.0506085 	 4.42525 	 4.70729 
18300	 0.0781874 	 5.09541 	 6.24418 
18400	 0.0694841 	 6.00721 	 6.4988 
18500	 0.0685513 	 5.59357 	 6.49422 
18600	 0.0341028 	 4.40721 	 4.93161 
18700	 0.0733429 	 4.38789 	 4.29597 
18800	 0.0433413 	 4.61268 	 5.27235 
18900	 0.0670983 	 4.57603 	 4.62124 
19000	 0.0522234 	 4.21464 	 4.78819 
19100	 0.0540629 	 4.45744 	 3.8705 
19200	 0.0537976 	 5.21768 	 5.67779 
19300	 0.0723611 	 4.61654 	 4.25807 
19400	 0.0618867 	 4.51347 	 5.52637 
19500	 0.0499335 	 4.03215 	 3.87381 
19600	 0.059686 	 5.78249 	 5.64968 
19700	 0.0647733 	 4.82924 	 4.71139 
19800	 0.0517042 	 4.46764 	 4.79131 
19900	 0.062366 	 5.72068 	 5.62923 
20000	 0.0524886 	 4.77535 	 4.91905 
20100	 0.0834259 	 3.97191 	 4.07822 
20200	 0.0519865 	 4.08373 	 4.64348 
20300	 0.0549113 	 4.23575 	 4.99722 
20400	 0.0765583 	 4.81893 	 5.49733 
20500	 0.082098 	 5.5502 	 5.48927 
20600	 0.0482597 	 4.91628 	 5.71092 
20700	 0.0392467 	 4.35573 	 4.9639 
20800	 0.0563755 	 4.61317 	 4.85085 
20900	 0.0734884 	 5.09078 	 6.43659 
21000	 0.0782096 	 4.247 	 4.31169 
21100	 0.0465772 	 4.18687 	 4.7702 
21200	 0.0534277 	 5.98271 	 6.99101 
21300	 0.0364275 	 4.78627 	 5.42149 
21400	 0.0622625 	 4.68335 	 5.27171 
21500	 0.0626032 	 4.94193 	 6.17772 
21600	 0.0402658 	 4.07121 	 4.51316 
21700	 0.0570603 	 5.06737 	 6.4249 
21800	 0.0406227 	 4.57012 	 5.37352 
21900	 0.0423273 	 5.02095 	 5.35444 
22000	 0.0735821 	 4.53586 	 4.7138 
22100	 0.0470547 	 4.79388 	 5.11361 
22200	 0.048978 	 4.94983 	 5.23207 
22300	 0.0512719 	 5.36382 	 6.17624 
22400	 0.0513628 	 5.12942 	 5.30355 
22500	 0.0536673 	 4.89081 	 5.5791 
22600	 0.0416105 	 5.78333 	 7.40741 
22700	 0.0444697 	 5.27982 	 6.7005 
22800	 0.0476602 	 4.85103 	 4.467 
22900	 0.0663055 	 4.81309 	 4.78249 
23000	 0.0658816 	 4.58944 	 5.45033 
23100	 0.0543552 	 4.98781 	 5.19478 
23200	 0.0346752 	 3.79122 	 3.93666 
23300	 0.0544575 	 5.04321 	 5.16211 
23400	 0.0614085 	 3.51596 	 3.75819 
23500	 0.0639805 	 4.98374 	 5.05114 
23600	 0.0533171 	 4.13829 	 4.50779 
23700	 0.0434805 	 4.53346 	 4.94935 
23800	 0.0568975 	 4.39855 	 4.86728 
23900	 0.0514407 	 4.77407 	 4.56408 
24000	 0.0569676 	 5.75092 	 6.74714 
24100	 0.0545128 	 4.12203 	 4.45395 
24200	 0.0388577 	 4.64877 	 4.41878 
24300	 0.0677587 	 3.88868 	 4.69886 
24400	 0.0318507 	 4.53497 	 5.01163 
24500	 0.0559585 	 4.95328 	 4.6998 
24600	 0.0649519 	 4.54732 	 4.72108 
24700	 0.0415981 	 3.9492 	 4.47794 
24800	 0.0518207 	 4.42351 	 5.17073 
24900	 0.0593682 	 4.35244 	 5.03844 
25000	 0.0675525 	 4.86633 	 5.83129 
25100	 0.045364 	 4.48069 	 4.77675 
25200	 0.03968 	 4.54759 	 5.27315 
25300	 0.0410834 	 4.0947 	 4.90403 
25400	 0.0417253 	 4.3068 	 4.4186 
25500	 0.0663709 	 4.47768 	 4.8826 
25600	 0.0485748 	 4.84044 	 5.05763 
25700	 0.0493933 	 4.02786 	 4.03644 
25800	 0.0432182 	 5.49266 	 5.66203 
25900	 0.0603808 	 4.06018 	 4.21829 
26000	 0.060742 	 4.60749 	 5.25649 
26100	 0.0555334 	 4.66925 	 5.26649 
26200	 0.0415787 	 4.07278 	 4.03441 
26300	 0.0449317 	 4.60882 	 5.41184 
26400	 0.0365207 	 4.82983 	 4.89559 
26500	 0.0393182 	 4.40391 	 5.08366 
26600	 0.0641709 	 4.87105 	 5.41655 
26700	 0.0550036 	 5.14655 	 5.44377 
26800	 0.0448064 	 5.16743 	 5.6712 
26900	 0.0460185 	 4.68908 	 5.66829 
27000	 0.0568781 	 4.36434 	 4.59809 
27100	 0.061395 	 4.52111 	 4.11488 
27200	 0.0579578 	 5.2356 	 6.72223 
27300	 0.0420783 	 4.8153 	 5.46416 
27400	 0.0578316 	 3.59841 	 3.98207 
27500	 0.0526664 	 4.51838 	 4.66397 
27600	 0.029087 	 4.92684 	 5.76291 
27700	 0.065524 	 5.77587 	 6.15527 
27800	 0.0505129 	 4.21535 	 4.77701 
27900	 0.0414884 	 4.2442 	 4.81061 
28000	 0.0677754 	 4.93884 	 5.34695 
28100	 0.0476665 	 4.51674 	 4.53846 
28200	 0.0308189 	 4.65581 	 4.89075 
28300	 0.0496658 	 4.48872 	 4.98808 
28400	 0.0472395 	 4.1419 	 3.88789 
28500	 0.0337362 	 3.93197 	 4.24037 
28600	 0.0383016 	 3.87431 	 4.04219 
28700	 0.0434268 	 5.27989 	 6.26759 
28800	 0.0494858 	 4.05817 	 4.2386 
28900	 0.0573618 	 3.68986 	 3.75174 
29000	 0.0417664 	 4.10477 	 4.44248 
29100	 0.0388997 	 3.89843 	 4.62266 
29200	 0.0425299 	 4.78971 	 4.87367 
29300	 0.0618749 	 4.1223 	 4.59112 
29400	 0.03508 	 4.06862 	 4.37615 
29500	 0.0612848 	 3.93352 	 4.03807 
29600	 0.0743707 	 4.77661 	 4.42647 
29700	 0.0471947 	 4.81826 	 5.33806 
29800	 0.0461865 	 4.68598 	 5.38071 
29900	 0.0560878 	 4.69966 	 4.77792 
30000	 0.0488998 	 4.20718 	 5.195 
30100	 0.0347562 	 3.87635 	 4.12019 
30200	 0.0332769 	 4.73765 	 5.25679 
30300	 0.0403316 	 4.41353 	 4.50892 
30400	 0.040827 	 3.89049 	 4.28442 
30500	 0.0335912 	 3.93644 	 4.55269 
30600	 0.0549822 	 4.47599 	 5.32679 
30700	 0.0512982 	 4.30973 	 5.29186 
30800	 0.0371913 	 4.60836 	 5.04388 
30900	 0.0542777 	 3.64045 	 3.78743 
31000	 0.0388552 	 4.53365 	 4.72027 
31100	 0.0467081 	 4.81246 	 5.07363 
31200	 0.0376432 	 4.13891 	 4.45308 
31300	 0.0563873 	 3.58258 	 4.14917 
31400	 0.0637499 	 4.7662 	 5.79651 
31500	 0.0642015 	 5.02334 	 5.27641 
31600	 0.058585 	 4.8173 	 5.18312 
31700	 0.0470127 	 4.32683 	 4.38068 
31800	 0.0409688 	 4.00759 	 4.34587 
31900	 0.0311156 	 4.28858 	 5.27482 
32000	 0.0379393 	 3.98769 	 4.5745 
32100	 0.060066 	 4.25869 	 5.12785 
32200	 0.0540038 	 4.40096 	 5.34864 
32300	 0.0564441 	 4.57199 	 5.25326 
32400	 0.0336586 	 4.02672 	 4.40071 
32500	 0.0440249 	 4.06526 	 4.29371 
32600	 0.0415434 	 4.73554 	 5.40274 
32700	 0.0531199 	 4.76983 	 5.69229 
32800	 0.0416836 	 4.6105 	 4.56689 
32900	 0.0531849 	 4.78099 	 5.12919 
33000	 0.0586767 	 3.87052 	 4.42541 
33100	 0.0381472 	 4.11591 	 4.27432 
33200	 0.0420464 	 3.56672 	 3.95964 
33300	 0.0458072 	 4.10961 	 4.0208 
33400	 0.0405495 	 4.58101 	 5.2712 
33500	 0.042376 	 4.16547 	 4.73156 
33600	 0.0436896 	 4.192 	 4.77311 
33700	 0.037507 	 4.85515 	 5.81281 
33800	 0.058719 	 3.67098 	 4.04529 
33900	 0.0467277 	 3.52938 	 3.98937 
34000	 0.0515079 	 4.47628 	 4.78234 
34100	 0.0664746 	 3.66989 	 4.19358 
34200	 0.0441501 	 5.0907 	 5.41455 
34300	 0.0363735 	 4.16953 	 4.19421 
34400	 0.0598015 	 3.90202 	 4.09062 
34500	 0.0465431 	 3.6471 	 4.04404 
34600	 0.0361055 	 4.29038 	 5.38232 
34700	 0.0672486 	 3.81828 	 4.1224 
34800	 0.037441 	 4.49266 	 4.90015 
34900	 0.0397317 	 4.09459 	 4.85391 
35000	 0.0477779 	 4.31905 	 5.04004 
35100	 0.0425939 	 3.90093 	 4.59109 
35200	 0.041837 	 4.03975 	 4.43195 
35300	 0.0655469 	 3.31307 	 3.59844 
35400	 0.0444297 	 4.91101 	 5.69005 
35500	 0.048044 	 4.101 	 4.76348 
35600	 0.0464714 	 3.92684 	 4.41353 
35700	 0.0458225 	 4.18631 	 4.66602 
35800	 0.0240751 	 3.84066 	 4.26613 
35900	 0.0493935 	 4.95485 	 6.16415 
36000	 0.0458028 	 4.07636 	 3.99006 
36100	 0.0245242 	 4.52271 	 4.87629 
36200	 0.037755 	 3.76093 	 4.25618 
36300	 0.0477439 	 4.36545 	 5.04514 
36400	 0.0580201 	 4.36603 	 4.10716 
36500	 0.0432022 	 4.26222 	 3.95062 
36600	 0.0590876 	 4.35075 	 4.59922 
36700	 0.0513549 	 4.51347 	 5.1296 
36800	 0.0330679 	 4.52927 	 4.66079 
36900	 0.0295598 	 4.62433 	 5.67 
37000	 0.0426787 	 3.79402 	 4.55632 
37100	 0.0730693 	 5.40542 	 7.15563 
37200	 0.0502054 	 4.69547 	 4.33621 
37300	 0.0431476 	 4.05833 	 3.95387 
37400	 0.0372271 	 4.15656 	 4.60049 
37500	 0.0362671 	 3.909 	 4.715 
37600	 0.0386338 	 3.60565 	 4.06227 
37700	 0.0407984 	 4.28158 	 4.77883 
37800	 0.0344462 	 3.8883 	 4.18756 
37900	 0.0618016 	 3.78696 	 4.11201 
38000	 0.0347404 	 3.90295 	 4.05352 
38100	 0.0443185 	 4.32325 	 4.68477 
38200	 0.0469729 	 4.37167 	 4.9259 
38300	 0.0369935 	 3.96564 	 4.15045 
38400	 0.048209 	 4.65694 	 4.98802 
38500	 0.0473026 	 3.96075 	 4.6386 
38600	 0.0598208 	 4.26518 	 4.52009 
38700	 0.0532683 	 4.48248 	 4.92508 
38800	 0.0363117 	 3.9455 	 4.12911 
38900	 0.048453 	 4.63777 	 6.09622 
39000	 0.0511724 	 3.89669 	 4.75703 
39100	 0.0401421 	 4.52361 	 5.01919 
39200	 0.0343712 	 3.8626 	 4.59053 
39300	 0.0566672 	 5.14149 	 5.46013 
39400	 0.0489964 	 4.41667 	 4.65823 
39500	 0.0419831 	 3.76118 	 4.4326 
39600	 0.0482046 	 4.22921 	 4.43585 
39700	 0.0612207 	 4.24248 	 4.70044 
39800	 0.0658669 	 4.17911 	 4.51405 
39900	 0.0455634 	 4.3007 	 5.05977 
40000	 0.0570191 	 4.30631 	 4.80189 
40100	 0.0553941 	 5.22606 	 5.60123 
40200	 0.0573901 	 3.90065 	 4.56717 
40300	 0.0597061 	 4.78423 	 5.07047 
40400	 0.0358524 	 5.10608 	 5.59713 
40500	 0.0281904 	 4.4709 	 4.34905 
40600	 0.0685952 	 4.8579 	 5.7223 
40700	 0.0394571 	 3.08154 	 2.9862 
40800	 0.0337291 	 4.63898 	 4.50471 
40900	 0.0317818 	 4.16198 	 4.70085 
41000	 0.0544596 	 3.82403 	 4.24658 
41100	 0.0501243 	 4.7438 	 4.96058 
41200	 0.0442512 	 3.67307 	 3.40218 
41300	 0.0377659 	 4.34603 	 4.85007 
41400	 0.0502435 	 4.10765 	 4.17579 
41500	 0.0391345 	 4.25045 	 4.272 
41600	 0.0447913 	 3.97307 	 4.35878 
41700	 0.0461164 	 4.66132 	 4.83714 
41800	 0.044912 	 4.29945 	 4.51321 
41900	 0.0539932 	 4.57994 	 4.98789 
42000	 0.0476971 	 4.3366 	 4.77425 
42100	 0.0440975 	 5.00483 	 5.84898 
42200	 0.0338574 	 3.96338 	 4.98764 
42300	 0.0352305 	 4.04855 	 5.07097 
42400	 0.0532 	 4.18815 	 4.73911 
42500	 0.0493636 	 4.24099 	 4.4905 
42600	 0.0382092 	 3.96472 	 4.2516 
42700	 0.0451026 	 4.04558 	 4.51104 
42800	 0.0472929 	 4.7699 	 5.4286 
42900	 0.0414423 	 4.61522 	 5.01892 
43000	 0.0452389 	 3.65322 	 3.60389 
43100	 0.0491774 	 4.24545 	 4.73176 
43200	 0.0331289 	 3.46923 	 4.08504 
43300	 0.045254 	 3.87833 	 3.98738 
43400	 0.0367069 	 4.09476 	 4.53643 
43500	 0.0236293 	 4.44803 	 5.1993 
43600	 0.03018 	 3.76805 	 4.02467 
43700	 0.0490091 	 3.59507 	 3.85109 
43800	 0.0506995 	 3.3146 	 3.72906 
43900	 0.0530351 	 4.22123 	 4.67277 
44000	 0.0470795 	 3.88973 	 4.08062 
44100	 0.0483365 	 4.80476 	 5.78798 
44200	 0.0525656 	 4.06143 	 3.96832 
44300	 0.0443214 	 3.34748 	 3.8878 
44400	 0.0496442 	 3.80537 	 4.41472 
44500	 0.0522032 	 4.40214 	 4.54971 
44600	 0.0347502 	 4.17311 	 4.64164 
44700	 0.0649292 	 4.80836 	 4.9796 
44800	 0.0438558 	 4.10026 	 4.37707 
44900	 0.0354662 	 4.06519 	 4.45336 
45000	 0.0608423 	 4.20581 	 4.41554 
45100	 0.0383173 	 4.1096 	 4.52411 
45200	 0.0428288 	 4.92103 	 6.41451 
45300	 0.0502226 	 4.54474 	 5.29189 
45400	 0.0453406 	 3.91707 	 3.87963 
45500	 0.0369749 	 4.88013 	 5.91824 
45600	 0.0531261 	 4.18204 	 4.92118 
45700	 0.0347796 	 3.87086 	 4.33064 
45800	 0.0455978 	 3.3053 	 3.6021 
45900	 0.0365247 	 3.94649 	 4.97885 
46000	 0.0391421 	 4.37773 	 4.85531 
46100	 0.0416571 	 3.35917 	 3.52661 
46200	 0.0332402 	 3.48372 	 3.865 
46300	 0.0404704 	 3.94145 	 4.13343 
46400	 0.0361177 	 3.71793 	 3.5793 
46500	 0.0397428 	 5.49759 	 6.07781 
46600	 0.0387262 	 4.52005 	 5.17785 
46700	 0.0424411 	 3.72981 	 4.06878 
46800	 0.0273064 	 4.23014 	 4.51956 
46900	 0.032246 	 4.08582 	 4.24069 
47000	 0.0375002 	 3.57483 	 3.7629 
47100	 0.0299381 	 3.67231 	 4.30711 
47200	 0.0425806 	 4.36023 	 5.23028 
47300	 0.0318964 	 3.70646 	 4.33036 
47400	 0.0368454 	 4.64583 	 5.64532 
47500	 0.0385801 	 4.92568 	 5.75967 
47600	 0.0429433 	 3.97108 	 4.34942 
47700	 0.0312229 	 4.28409 	 4.31963 
47800	 0.0377652 	 4.35716 	 4.02531 
47900	 0.0287806 	 3.95126 	 4.53718 
48000	 0.0304311 	 3.9056 	 3.92445 
48100	 0.0585761 	 4.23785 	 4.72015 
48200	 0.0471506 	 3.94151 	 4.16247 
48300	 0.0312946 	 3.78043 	 3.92029 
48400	 0.044193 	 4.43995 	 4.66465 
48500	 0.0488298 	 3.55731 	 3.53755 
48600	 0.0437002 	 3.88622 	 4.48916 
48700	 0.035388 	 3.84591 	 4.02728 
48800	 0.0460225 	 3.54068 	 3.99454 
48900	 0.0282457 	 4.79435 	 5.12956 
49000	 0.0376544 	 4.27524 	 4.95969 
49100	 0.0452373 	 4.22335 	 4.59094 
49200	 0.0295092 	 4.81386 	 5.68617 
49300	 0.0427577 	 3.10946 	 3.23658 
49400	 0.044513 	 3.71087 	 4.2529 
49500	 0.0216394 	 4.44196 	 4.76222 
49600	 0.0329801 	 3.81626 	 4.26685 
49700	 0.0349855 	 4.20489 	 4.34732 
49800	 0.0403763 	 3.17808 	 3.41776 
49900	 0.0314083 	 3.74288 	 3.97569 
50000	 0.0423823 	 4.34462 	 5.29356 
50100	 0.0366921 	 3.99338 	 3.57387 
50200	 0.0272361 	 4.34698 	 4.85418 
50300	 0.0399745 	 4.33724 	 4.47241 
50400	 0.0378352 	 3.95169 	 4.40984 
50500	 0.0351595 	 3.59694 	 3.90002 
50600	 0.035677 	 3.73182 	 4.23164 
50700	 0.0382075 	 4.26306 	 4.49429 
50800	 0.031148 	 4.02657 	 4.86788 
50900	 0.041892 	 4.47438 	 5.07387 
51000	 0.0266325 	 3.76322 	 3.88932 
51100	 0.0441259 	 3.42608 	 3.90767 
51200	 0.0269674 	 4.24074 	 4.23617 
51300	 0.0224852 	 3.31509 	 3.79529 
51400	 0.0276621 	 3.52532 	 3.91765 
51500	 0.0590512 	 4.55179 	 5.53174 
51600	 0.0401124 	 5.011 	 6.30911 
51700	 0.039288 	 4.29982 	 4.74576 
51800	 0.0393446 	 3.94103 	 4.26068 
51900	 0.0395553 	 3.59357 	 4.21385 
52000	 0.0436008 	 3.69291 	 3.7131 
52100	 0.0518317 	 3.23413 	 3.46614 
52200	 0.0526298 	 3.6617 	 3.80647 
52300	 0.0449448 	 4.34437 	 5.18841 
52400	 0.0449048 	 3.25359 	 3.93586 
52500	 0.0306263 	 4.06977 	 5.0323 
52600	 0.0287298 	 4.13017 	 4.43507 
52700	 0.0259696 	 3.69287 	 3.57531 
52800	 0.0477062 	 3.54165 	 4.0839 
52900	 0.0544221 	 3.63581 	 4.23177 
53000	 0.0589511 	 4.09923 	 4.60037 
53100	 0.031782 	 3.25491 	 3.41748 
53200	 0.0366348 	 4.04364 	 4.80618 
53300	 0.029227 	 3.34986 	 3.24639 
53400	 0.0506118 	 4.23389 	 4.90462 
53500	 0.033511 	 3.89591 	 4.55536 
53600	 0.0411421 	 3.74345 	 4.23423 
53700	 0.0477075 	 3.15727 	 3.4563 
53800	 0.0443038 	 4.038 	 4.46753 
53900	 0.0491215 	 4.11477 	 4.74458 
54000	 0.0460941 	 4.53748 	 5.30552 
54100	 0.0315601 	 3.92346 	 4.45573 
54200	 0.0456644 	 3.50214 	 3.46596 
54300	 0.0439717 	 3.60659 	 4.0478 
54400	 0.0340402 	 3.48593 	 3.76516 
54500	 0.0498191 	 4.34386 	 5.13354 
54600	 0.0557382 	 4.03504 	 4.73184 
54700	 0.0310082 	 3.65119 	 3.92712 
54800	 0.0331575 	 3.65941 	 4.28155 
54900	 0.0253435 	 3.54794 	 3.88714 
55000	 0.0318876 	 3.75299 	 4.17262 
55100	 0.039816 	 4.67519 	 5.14064 
55200	 0.0397998 	 3.79453 	 4.14469 
55300	 0.0408662 	 3.61784 	 3.8796 
55400	 0.0364325 	 4.01658 	 4.60111 
55500	 0.0369549 	 4.41026 	 4.95557 
55600	 0.0294541 	 3.80726 	 3.83254 
55700	 0.0521259 	 3.83766 	 4.61333 
55800	 0.0308165 	 3.49406 	 3.67598 
55900	 0.0363204 	 3.43973 	 3.63671 
56000	 0.0427455 	 4.35512 	 4.53848 
56100	 0.0243413 	 3.50559 	 4.15468 
56200	 0.0389683 	 4.46124 	 5.39648 
56300	 0.0523079 	 3.79915 	 3.61385 
56400	 0.032847 	 3.96797 	 4.1011 
56500	 0.0422645 	 4.41436 	 4.46057 
56600	 0.0636833 	 4.295 	 4.45709 
56700	 0.0328487 	 3.6192 	 4.35274 
56800	 0.0424917 	 3.94403 	 4.07819 
56900	 0.0396888 	 3.86641 	 4.58868 
57000	 0.0267707 	 3.68573 	 3.84037 
57100	 0.0319897 	 4.5322 	 4.56111 
57200	 0.0392482 	 4.63463 	 4.66074 
57300	 0.0382853 	 3.73172 	 4.40418 
57400	 0.0363704 	 3.72339 	 4.81172 
57500	 0.0500674 	 4.07955 	 4.85594 
57600	 0.0418149 	 3.99766 	 4.70515 
57700	 0.0341888 	 3.62305 	 4.31066 
57800	 0.0423066 	 4.47557 	 5.17508 
57900	 0.0270282 	 4.35068 	 5.00222 
58000	 0.0439723 	 3.75377 	 4.32547 
58100	 0.0339298 	 3.85996 	 4.25267 
58200	 0.0368911 	 4.1124 	 4.70503 
58300	 0.0268146 	 3.72323 	 3.855 
58400	 0.0306133 	 3.92624 	 4.16582 
58500	 0.0307192 	 3.53493 	 3.85072 
58600	 0.0331444 	 4.02911 	 4.32973 
58700	 0.0334034 	 3.36455 	 3.69897 
58800	 0.0292568 	 3.72347 	 4.06943 
58900	 0.0425002 	 4.64767 	 5.5357 
59000	 0.0422374 	 4.05648 	 4.01538 
59100	 0.036584 	 4.29043 	 4.82428 
59200	 0.0501472 	 4.23133 	 4.53319 
59300	 0.0245905 	 3.6904 	 4.25937 
59400	 0.056612 	 4.37264 	 5.10762 
59500	 0.0215401 	 4.47112 	 4.71568 
59600	 0.0370571 	 3.65289 	 4.14366 
59700	 0.0397718 	 3.71689 	 3.69456 
59800	 0.0283237 	 4.47199 	 5.53697 
59900	 0.0363671 	 4.39628 	 5.03573 
60000	 0.0370152 	 4.29401 	 4.39954 
60100	 0.044399 	 3.91217 	 4.6632 
60200	 0.0403326 	 4.3528 	 5.35896 
60300	 0.0224753 	 4.48331 	 4.55044 
60400	 0.0457422 	 3.23355 	 3.50231 
60500	 0.0363166 	 4.07461 	 4.59764 
60600	 0.0444877 	 4.76312 	 5.72003 
60700	 0.038375 	 4.07204 	 5.03125 
60800	 0.0396206 	 3.71642 	 3.52563 
60900	 0.0419487 	 4.1138 	 4.32444 
61000	 0.0553719 	 3.58869 	 3.84838 
61100	 0.0467738 	 3.82514 	 4.52371 
61200	 0.0338963 	 3.63761 	 3.62787 
61300	 0.0357316 	 3.75879 	 4.15985 
61400	 0.0341657 	 3.35445 	 3.21219 
61500	 0.0431985 	 3.50533 	 3.91192 
61600	 0.0361169 	 3.63498 	 3.95335 
61700	 0.0466788 	 3.84375 	 3.9866 
61800	 0.0521528 	 3.49867 	 3.68218 
61900	 0.0506063 	 3.73602 	 4.78635 
62000	 0.0305727 	 3.94448 	 4.66755 
62100	 0.0245613 	 3.21823 	 3.28618 
62200	 0.0501117 	 4.91508 	 6.07034 
62300	 0.0303989 	 3.66516 	 4.15517 
62400	 0.0267196 	 3.84806 	 3.86987 
62500	 0.0246388 	 4.16143 	 4.24986 
62600	 0.0276201 	 4.13524 	 4.73767 
62700	 0.0390291 	 3.08401 	 3.45125 
62800	 0.0378812 	 3.98614 	 4.15277 
62900	 0.0421777 	 3.64689 	 4.03148 
63000	 0.032782 	 4.35779 	 5.50436 
63100	 0.0451092 	 3.71949 	 3.5998 
63200	 0.0304058 	 3.6519 	 4.13966 
63300	 0.0366427 	 3.88407 	 4.48499 
63400	 0.0188163 	 3.58562 	 4.06594 
63500	 0.0290891 	 3.17032 	 3.49995 
63600	 0.0212512 	 3.37468 	 3.42609 
63700	 0.0353179 	 3.63127 	 4.191 
63800	 0.0338933 	 3.66628 	 4.54828 
63900	 0.0257301 	 3.94154 	 4.57914 
64000	 0.0469137 	 4.61014 	 4.69477 
64100	 0.0623153 	 4.26072 	 4.95253 
64200	 0.0318883 	 4.79151 	 4.76401 
64300	 0.038618 	 3.7767 	 4.21675 
64400	 0.0420364 	 2.98253 	 3.55368 
64500	 0.0399501 	 3.49536 	 3.84713 
64600	 0.0388825 	 3.71195 	 3.77393 
64700	 0.0350232 	 4.59018 	 5.22844 
64800	 0.0323914 	 3.65474 	 3.82275 
64900	 0.0395277 	 4.39435 	 5.47388 
65000	 0.0329252 	 3.94685 	 4.75755 
65100	 0.0382405 	 3.91121 	 4.41996 
65200	 0.0321632 	 3.48909 	 3.76997 
65300	 0.0351306 	 3.86465 	 4.30317 
65400	 0.0395798 	 4.77074 	 5.52371 
65500	 0.0480542 	 3.99474 	 4.44809 
65600	 0.0374667 	 4.18791 	 5.43059 
65700	 0.0443443 	 4.09465 	 4.75137 
65800	 0.0388381 	 3.24493 	 3.52264 
65900	 0.0386824 	 3.43401 	 3.36867 
66000	 0.0793446 	 3.35672 	 3.82251 
66100	 0.0362049 	 3.95218 	 3.8983 
66200	 0.0371474 	 4.05001 	 4.08723 
66300	 0.0501391 	 3.92289 	 5.20384 
66400	 0.0507277 	 4.27105 	 5.16613 
66500	 0.0335282 	 3.98071 	 4.90494 
66600	 0.0297146 	 3.86636 	 3.88996 
66700	 0.03375 	 3.72832 	 3.81195 
66800	 0.0363906 	 4.40603 	 4.66983 
66900	 0.0352029 	 3.98748 	 4.39495 
67000	 0.0265589 	 3.01323 	 3.09851 
67100	 0.0338288 	 3.09863 	 3.82716 
67200	 0.0562137 	 4.37637 	 5.64056 
67300	 0.0251177 	 3.87532 	 4.49418 
67400	 0.0350309 	 4.16683 	 4.30989 
67500	 0.0346918 	 4.2475 	 4.42202 
67600	 0.0459411 	 3.87829 	 4.49088 
67700	 0.0378308 	 3.8591 	 4.28049 
67800	 0.0415165 	 3.80895 	 4.57449 
67900	 0.0262537 	 3.04766 	 3.40681 
68000	 0.0245629 	 3.81609 	 3.937 
68100	 0.0291102 	 4.42607 	 4.87106 
68200	 0.0275528 	 4.79385 	 5.72387 
68300	 0.0417933 	 3.20303 	 3.75892 
68400	 0.0432422 	 4.03395 	 4.26134 
68500	 0.0458506 	 3.82151 	 4.26849 
68600	 0.0537349 	 4.08041 	 4.96198 
68700	 0.034383 	 3.27887 	 3.61211 
68800	 0.0354164 	 4.36787 	 5.14073 
68900	 0.0323164 	 3.9271 	 4.4444 
69000	 0.0348561 	 3.58978 	 4.59474 
69100	 0.0297734 	 3.56034 	 3.42011 
69200	 0.0587221 	 3.75356 	 4.52734 
69300	 0.045222 	 4.34747 	 4.91301 
69400	 0.0406011 	 3.38204 	 3.5309 
69500	 0.0385393 	 3.39241 	 3.27279 
69600	 0.0239574 	 3.03619 	 2.98875 
69700	 0.024709 	 3.64387 	 3.76359 
69800	 0.0271129 	 4.0344 	 4.08072 
69900	 0.0319804 	 3.20712 	 3.22528 
70000	 0.02084 	 3.46549 	 3.64106 
70100	 0.0461934 	 3.59897 	 3.48793 
70200	 0.0291336 	 3.10553 	 3.36979 
70300	 0.0220691 	 3.68547 	 3.89287 
70400	 0.0292144 	 3.31548 	 3.47289 
70500	 0.0427422 	 4.50454 	 5.66002 
70600	 0.0395268 	 3.23935 	 3.16257 
70700	 0.0377299 	 3.44781 	 3.64956 
70800	 0.0361025 	 3.15309 	 3.49532 
70900	 0.0703124 	 4.07277 	 4.50999 
71000	 0.0387613 	 3.50017 	 3.78856 
71100	 0.0283939 	 3.06175 	 3.44399 
71200	 0.0313681 	 4.11545 	 4.5904 
71300	 0.0389262 	 4.14497 	 5.36246 
71400	 0.037027 	 3.65666 	 3.30716 
71500	 0.0351706 	 3.59601 	 3.70856 
71600	 0.0265387 	 4.62881 	 5.60746 
71700	 0.0377554 	 3.93616 	 4.23166 
71800	 0.0381487 	 3.87406 	 3.99109 
71900	 0.0433301 	 3.68323 	 4.0495 
72000	 0.0339114 	 2.95494 	 3.37885 
72100	 0.0333027 	 4.05826 	 4.33915 
72200	 0.0484185 	 3.47403 	 3.60431 
72300	 0.0344319 	 3.80332 	 3.92772 
72400	 0.0340706 	 3.79561 	 4.49114 
72500	 0.029522 	 3.64072 	 4.01223 
72600	 0.0659134 	 4.33422 	 3.96124 
72700	 0.0352689 	 3.23103 	 3.61301 
72800	 0.027819 	 3.32707 	 3.67063 
72900	 0.0228971 	 4.09489 	 4.14456 
73000	 0.0260405 	 3.65207 	 3.86169 
73100	 0.0344346 	 4.17334 	 4.91105 
73200	 0.0402585 	 4.06488 	 5.11099 
73300	 0.0263257 	 4.77133 	 5.25714 
73400	 0.0257623 	 3.49244 	 4.20825 
73500	 0.0292078 	 4.13444 	 4.55667 
73600	 0.0425047 	 3.63093 	 3.9281 
73700	 0.0390476 	 3.49215 	 3.79908 
73800	 0.0475137 	 4.15567 	 3.93413 
73900	 0.0441262 	 3.28076 	 3.4799 
74000	 0.0449896 	 3.67865 	 3.46694 
74100	 0.0406963 	 3.96826 	 4.38967 
74200	 0.0328226 	 4.63527 	 5.07542 
74300	 0.0615062 	 3.21944 	 3.66164 
74400	 0.0367893 	 3.6339 	 4.33479 
74500	 0.0312069 	 3.70585 	 4.44172 
74600	 0.0364605 	 4.69854 	 5.53016 
74700	 0.0382209 	 3.78244 	 3.86226 
74800	 0.0479494 	 3.49939 	 3.80137 
74900	 0.034234 	 4.13032 	 4.84858 
75000	 0.0314668 	 4.20829 	 4.04708 
75100	 0.0320545 	 3.38869 	 3.28562 
75200	 0.0421988 	 3.76142 	 4.15325 
75300	 0.0231442 	 3.38765 	 3.73543 
75400	 0.0291389 	 3.50258 	 3.69167 
75500	 0.0363817 	 3.43765 	 3.96708 
75600	 0.037483 	 3.98967 	 4.2664 
75700	 0.0346379 	 3.64332 	 3.95169 
75800	 0.0324093 	 4.48676 	 5.5153 
75900	 0.0345406 	 3.9433 	 4.68402 
76000	 0.0306858 	 4.16919 	 4.98051 
76100	 0.0355382 	 3.94508 	 4.13162 
76200	 0.0298856 	 4.34924 	 5.32581 
76300	 0.0447407 	 3.81794 	 4.59449 
76400	 0.0320397 	 3.30272 	 3.92048 
76500	 0.027765 	 3.64984 	 3.99781 
76600	 0.0193377 	 3.81118 	 3.7002 
76700	 0.0335217 	 3.62157 	 3.63441 
76800	 0.0444744 	 3.89017 	 4.2387 
76900	 0.0403963 	 3.36363 	 3.89404 
77000	 0.0392068 	 4.66702 	 5.04935 
77100	 0.0503726 	 3.5747 	 3.75699 
77200	 0.0289124 	 3.34282 	 3.87886 
77300	 0.0273506 	 3.69383 	 4.19184 
77400	 0.0286692 	 3.63788 	 4.6567 
77500	 0.0315923 	 3.92996 	 4.21987 
77600	 0.0501801 	 3.8754 	 4.03232 
77700	 0.0359345 	 3.13076 	 3.08975 
77800	 0.0360462 	 3.79394 	 3.93491 
77900	 0.0372359 	 3.68177 	 4.07221 
78000	 0.0485892 	 4.51161 	 5.09612 
78100	 0.0358492 	 3.01084 	 3.29351 
78200	 0.0421068 	 4.28135 	 4.1007 
78300	 0.0502036 	 3.74494 	 4.44386 
78400	 0.0383844 	 4.82849 	 4.90907 
78500	 0.0331972 	 3.83226 	 4.39513 
78600	 0.0331307 	 3.48491 	 3.95259 
78700	 0.0300607 	 4.02032 	 4.21206 
78800	 0.0270187 	 3.19305 	 3.55757 
78900	 0.0343438 	 3.74579 	 3.78191 
79000	 0.0443262 	 2.87111 	 3.05158 
79100	 0.0280146 	 4.53698 	 4.89018 
79200	 0.0380662 	 3.1136 	 2.99052 
79300	 0.0517518 	 4.11556 	 4.81979 
79400	 0.0206683 	 3.44424 	 4.32654 
79500	 0.0486043 	 3.6181 	 3.88806 
79600	 0.0246582 	 4.10751 	 5.05872 
79700	 0.0351519 	 3.02794 	 3.26869 
79800	 0.0239351 	 4.04469 	 4.22989 
79900	 0.0251939 	 3.95803 	 4.51994 
80000	 0.0426737 	 3.98513 	 3.97109 
80100	 0.0423323 	 3.55219 	 3.66553 
80200	 0.0399239 	 3.68095 	 4.23875 
80300	 0.0329483 	 4.43412 	 4.38723 
80400	 0.034331 	 3.7583 	 4.01741 
80500	 0.026392 	 3.75021 	 5.30374 
80600	 0.0349769 	 4.05826 	 4.5628 
80700	 0.0304479 	 4.53003 	 4.61689 
80800	 0.0187481 	 4.26703 	 4.73779 
80900	 0.0240619 	 3.23127 	 3.53365 
81000	 0.0351549 	 3.11451 	 3.22296 
81100	 0.0208468 	 3.5219 	 3.34521 
81200	 0.0409725 	 3.3568 	 3.4558 
81300	 0.0247926 	 3.83437 	 4.46799 
81400	 0.0295443 	 3.93128 	 4.48529 
81500	 0.0399 	 3.89452 	 4.39302 
81600	 0.0428253 	 4.09769 	 4.67131 
81700	 0.0315853 	 4.00424 	 4.42587 
81800	 0.0416213 	 3.79679 	 3.84277 
81900	 0.0464203 	 4.17465 	 5.19538 
82000	 0.034473 	 3.85235 	 4.50422 
82100	 0.0392547 	 4.29978 	 4.66372 
82200	 0.0320404 	 3.90936 	 4.55646 
82300	 0.034008 	 3.41682 	 4.10029 
82400	 0.0340158 	 4.01772 	 4.41125 
82500	 0.0363236 	 3.21315 	 3.33607 
82600	 0.0277813 	 3.69517 	 4.7514 
82700	 0.0249916 	 4.32437 	 4.17206 
82800	 0.0478168 	 3.8497 	 4.7281 
82900	 0.0490929 	 3.36863 	 3.59388 
83000	 0.043434 	 3.10916 	 3.54154 
83100	 0.041398 	 3.49529 	 3.28229 
83200	 0.0492069 	 4.43646 	 5.5433 
83300	 0.0409984 	 4.77533 	 5.52833 
83400	 0.0351599 	 3.63141 	 3.68529 
83500	 0.0315977 	 4.01761 	 4.63803 
83600	 0.0466433 	 3.9023 	 4.39091 
83700	 0.0318138 	 4.22987 	 4.38003 
83800	 0.0353492 	 4.08518 	 4.85121 
83900	 0.0246092 	 3.93435 	 4.55587 
84000	 0.0408536 	 3.73985 	 4.29938 
84100	 0.0338146 	 4.06843 	 4.04897 
84200	 0.0457354 	 3.80819 	 4.60291 
84300	 0.0403074 	 3.60125 	 3.96702 
84400	 0.0269004 	 3.61479 	 3.53572 
84500	 0.0379376 	 3.68602 	 3.92469 
84600	 0.0370264 	 4.04038 	 4.40959 
84700	 0.0406706 	 3.89269 	 4.14882 
84800	 0.0258717 	 3.34707 	 3.86295 
84900	 0.0314906 	 3.89557 	 3.97543 
85000	 0.0276932 	 3.09952 	 3.11526 
85100	 0.0364503 	 3.61694 	 4.07002 
85200	 0.0245927 	 4.38074 	 4.8331 
85300	 0.0468743 	 4.30797 	 5.08497 
85400	 0.0342004 	 3.61922 	 3.76503 
85500	 0.0269879 	 3.24533 	 3.93036 
85600	 0.0250109 	 3.91031 	 4.8466 
85700	 0.0196167 	 3.54822 	 3.44559 
85800	 0.0456921 	 3.62627 	 3.25256 
85900	 0.017852 	 4.02415 	 4.08112 
86000	 0.0568054 	 3.94665 	 4.47726 
86100	 0.0341883 	 3.44894 	 3.98453 
86200	 0.0356332 	 3.97078 	 4.59899 
86300	 0.0404044 	 3.13986 	 3.30798 
86400	 0.0445457 	 3.55033 	 3.97481 
86500	 0.0273668 	 3.9222 	 4.442 
86600	 0.0287987 	 3.68014 	 4.55469 
86700	 0.0291504 	 2.97042 	 3.01476 
86800	 0.0336607 	 2.89905 	 3.36907 
86900	 0.0458164 	 3.23115 	 3.34556 
87000	 0.03214 	 3.67161 	 4.3959 
87100	 0.0273732 	 3.72106 	 4.21342 
87200	 0.0199465 	 3.87425 	 3.87953 
87300	 0.0208884 	 3.06504 	 3.7534 
87400	 0.0495224 	 3.39347 	 4.03848 
87500	 0.0278016 	 4.09544 	 4.39944 
87600	 0.0413592 	 3.89036 	 4.8037 
87700	 0.0302663 	 3.97124 	 4.86182 
87800	 0.0232047 	 4.32316 	 4.91376 
87900	 0.0464015 	 3.46598 	 3.28994 
88000	 0.03979 	 3.86869 	 4.02953 
88100	 0.0387594 	 3.95589 	 4.34444 
88200	 0.0361489 	 4.5405 	 5.50018 
88300	 0.0246941 	 3.07426 	 3.14207 
88400	 0.0367139 	 3.7841 	 3.90064 
88500	 0.0342106 	 3.9492 	 4.42946 
88600	 0.0304067 	 3.17638 	 3.28091 
88700	 0.0297875 	 3.71548 	 4.24953 
88800	 0.0433067 	 3.79536 	 4.13162 
88900	 0.0237324 	 2.96421 	 3.0495 
89000	 0.0174182 	 3.46398 	 3.37847 
89100	 0.0270666 	 3.62678 	 4.31868 
89200	 0.0321563 	 3.52043 	 3.91251 
89300	 0.0305885 	 3.32335 	 2.96359 
89400	 0.0180148 	 3.97196 	 4.61439 
89500	 0.0350601 	 2.90477 	 2.93105 
89600	 0.0323942 	 3.35342 	 4.01405 
89700	 0.0294799 	 3.65957 	 4.10826 
89800	 0.0434701 	 3.26763 	 3.85608 
89900	 0.0279146 	 4.10071 	 3.94409 
90000	 0.0316143 	 3.44826 	 4.09961 
90100	 0.0436677 	 3.33945 	 3.5426 
90200	 0.0387281 	 3.88555 	 4.08364 
90300	 0.0327292 	 4.39242 	 5.04417 
90400	 0.0380316 	 3.38685 	 3.65224 
90500	 0.0238781 	 3.72352 	 4.65817 
90600	 0.0290539 	 3.7166 	 4.25341 
90700	 0.0324135 	 3.65634 	 4.24815 
90800	 0.0215618 	 3.10009 	 3.16271 
90900	 0.0356451 	 3.92201 	 3.86859 
91000	 0.0254542 	 2.93562 	 3.30927 
91100	 0.0442342 	 3.76669 	 4.37433 
91200	 0.0364506 	 3.87144 	 4.48805 
91300	 0.0303452 	 3.55566 	 3.30756 
91400	 0.030653 	 3.44395 	 3.34533 
91500	 0.0292473 	 3.80708 	 4.27494 
91600	 0.0316063 	 3.65222 	 4.16221 
91700	 0.0329947 	 3.52723 	 3.83628 
91800	 0.0421871 	 3.77378 	 4.49785 
91900	 0.0265562 	 4.3459 	 4.58061 
92000	 0.0404088 	 3.83496 	 4.78412 
92100	 0.0329565 	 3.3009 	 4.11739 
92200	 0.0309805 	 4.08138 	 4.16724 
92300	 0.0292849 	 3.44287 	 3.89924 
92400	 0.0305507 	 3.20082 	 3.43829 
92500	 0.060785 	 4.57336 	 4.39891 
92600	 0.0263063 	 4.34173 	 4.67047 
92700	 0.0525575 	 3.71221 	 3.93537 
92800	 0.0392789 	 4.04123 	 4.91799 
92900	 0.0283128 	 3.50303 	 4.05435 
93000	 0.0264304 	 3.28457 	 3.98998 
93100	 0.034838 	 3.96128 	 4.68945 
93200	 0.0452608 	 3.57521 	 4.13071 
93300	 0.0228829 	 4.78831 	 5.63705 
93400	 0.0367102 	 3.62617 	 4.01505 
93500	 0.040296 	 4.45447 	 4.42691 
93600	 0.0432519 	 3.86904 	 4.69165 
93700	 0.0214092 	 3.35091 	 3.85064 
93800	 0.047851 	 3.25886 	 3.58383 
93900	 0.0355172 	 3.93452 	 4.90519 
94000	 0.0357349 	 3.11851 	 2.94263 
94100	 0.0328096 	 3.12915 	 3.19449 
94200	 0.0273988 	 3.78659 	 4.60106 
94300	 0.0560037 	 3.71369 	 3.88723 
94400	 0.0334535 	 3.16936 	 2.90764 
94500	 0.0391686 	 4.0351 	 4.53926 
94600	 0.0210181 	 3.79804 	 4.11963 
94700	 0.0453941 	 3.63009 	 3.84901 
94800	 0.0221107 	 3.77706 	 4.25706 
94900	 0.0303023 	 5.20291 	 6.15692 
95000	 0.0300111 	 4.07546 	 4.9037 
95100	 0.0405767 	 4.0981 	 4.24877 
95200	 0.0273974 	 3.1758 	 3.54311 
95300	 0.0403263 	 3.34438 	 3.31689 
95400	 0.0240929 	 3.30361 	 3.95687 
95500	 0.0294984 	 3.66199 	 4.6112 
95600	 0.0294719 	 4.16295 	 4.46058 
95700	 0.0342742 	 3.39087 	 3.76606 
95800	 0.0352733 	 3.14784 	 3.23344 
95900	 0.035123 	 3.46268 	 3.78474 
96000	 0.0397802 	 3.9639 	 5.00058 
96100	 0.035704 	 3.73722 	 3.6593 
96200	 0.0320383 	 3.09743 	 3.47961 
96300	 0.0294409 	 3.01429 	 3.31015 
96400	 0.0253642 	 3.40347 	 3.44742 
96500	 0.0381609 	 4.1914 	 5.10635 
96600	 0.0449908 	 3.67177 	 4.08449 
96700	 0.0305758 	 3.5839 	 3.99681 
96800	 0.0375006 	 4.09358 	 4.59275 
96900	 0.036658 	 3.26309 	 3.96889 
97000	 0.0441719 	 3.45651 	 3.95685 
97100	 0.0196589 	 3.79348 	 4.41818 
97200	 0.0333226 	 3.69357 	 4.25503 
97300	 0.0225204 	 3.39291 	 4.01813 
97400	 0.0244159 	 3.59697 	 4.03855 
97500	 0.0235022 	 3.13761 	 3.32743 
97600	 0.0341724 	 4.20673 	 5.33344 
97700	 0.0321877 	 3.3244 	 4.0601 
97800	 0.0353248 	 3.32722 	 3.33909 
97900	 0.0247921 	 3.73759 	 4.04214 
98000	 0.0243796 	 3.17855 	 3.26355 
98100	 0.0381529 	 3.5971 	 3.46108 
98200	 0.040333 	 3.24614 	 3.5247 
98300	 0.0299118 	 3.4692 	 4.23312 
98400	 0.023251 	 3.81879 	 3.75258 
98500	 0.0267739 	 3.63268 	 3.50548 
98600	 0.0303449 	 3.3324 	 3.85936 
98700	 0.0410181 	 3.33107 	 3.54252 
98800	 0.0375459 	 3.96859 	 3.94284 
98900	 0.0501297 	 3.72738 	 4.0783 
99000	 0.0415601 	 3.67087 	 4.61903 
99100	 0.029953 	 3.15038 	 3.77095 
99200	 0.0488797 	 3.60929 	 4.15437 
99300	 0.0373345 	 3.42707 	 3.77881 
99400	 0.0440516 	 3.72509 	 4.72765 
99500	 0.0266224 	 3.02106 	 2.88839 
99600	 0.0197464 	 4.14384 	 4.48979 
99700	 0.0227699 	 3.47094 	 3.83243 
99800	 0.0340878 	 4.29855 	 4.43302 
99900	 0.0176415 	 3.6054 	 4.14357 
100000	 0.0406344 	 3.24443 	 3.95327 
100100	 0.0470842 	 3.74416 	 4.43952 
100200	 0.0319514 	 4.10837 	 4.65286 
100300	 0.0260864 	 4.42737 	 4.84981 
100400	 0.0361618 	 4.4535 	 5.22909 
100500	 0.0475714 	 3.24437 	 3.60049 
100600	 0.0412709 	 3.85669 	 5.22465 
100700	 0.032796 	 3.68183 	 4.02811 
100800	 0.0366104 	 3.62703 	 4.06132 
100900	 0.0371485 	 3.5516 	 3.97772 
101000	 0.0292213 	 3.4751 	 4.05723 
101100	 0.0277951 	 3.19495 	 3.63194 
101200	 0.0410085 	 3.94285 	 4.3577 
101300	 0.0297775 	 3.86068 	 3.53043 
101400	 0.049198 	 3.97236 	 4.05028 
101500	 0.0392523 	 2.91744 	 3.43035 
101600	 0.0316721 	 3.3501 	 3.75291 
101700	 0.0483206 	 3.36181 	 3.6158 
101800	 0.0416756 	 3.19048 	 3.24823 
101900	 0.0327705 	 3.49949 	 3.93905 
102000	 0.0359811 	 3.89336 	 4.30767 
102100	 0.0204456 	 3.80837 	 4.23904 
102200	 0.032525 	 3.39368 	 3.41675 
102300	 0.0309032 	 4.00636 	 4.45075 
102400	 0.0345153 	 3.95072 	 4.98501 
102500	 0.0387943 	 3.88644 	 3.88955 
102600	 0.0266712 	 3.74615 	 4.07338 
102700	 0.0345089 	 4.05414 	 4.56797 
102800	 0.0304433 	 3.03611 	 3.38449 
102900	 0.031951 	 3.51195 	 4.19574 
103000	 0.0440912 	 3.87069 	 4.17769 
103100	 0.0389291 	 3.43305 	 3.69104 
103200	 0.0329085 	 3.81727 	 4.28302 
103300	 0.0309348 	 3.6766 	 4.16053 
103400	 0.0369765 	 4.14152 	 4.36341 
103500	 0.0168634 	 3.67172 	 3.86096 
103600	 0.0258238 	 3.773 	 3.13473 
103700	 0.0480346 	 3.60679 	 4.25883 
103800	 0.0392829 	 3.44099 	 3.68568 
103900	 0.0363648 	 4.65686 	 4.63233 
104000	 0.0229979 	 3.65171 	 3.90015 
104100	 0.0169443 	 3.45204 	 3.98278 
104200	 0.0269877 	 3.56211 	 3.81738 
104300	 0.0347281 	 3.49745 	 3.80882 
104400	 0.0534764 	 3.40465 	 3.80049 
104500	 0.0290998 	 3.88356 	 4.55943 
104600	 0.0493888 	 3.79611 	 4.66519 
104700	 0.0376188 	 3.18689 	 3.32989 
104800	 0.0302109 	 3.35667 	 3.88267 
104900	 0.035891 	 3.46785 	 4.21832 
105000	 0.0275375 	 3.73021 	 4.31571 
105100	 0.0459215 	 3.42009 	 3.3153 
105200	 0.038813 	 3.64081 	 3.80932 
105300	 0.0353011 	 4.21678 	 4.64359 
105400	 0.0288483 	 3.68769 	 4.19502 
105500	 0.0391532 	 3.73974 	 4.43484 
105600	 0.0242048 	 3.77676 	 4.4815 
105700	 0.0291298 	 3.19873 	 3.49041 
105800	 0.026083 	 3.31432 	 3.25297 
105900	 0.0235165 	 3.36509 	 3.35705 
106000	 0.0349235 	 3.98571 	 4.453 
106100	 0.0382091 	 4.09044 	 4.40245 
106200	 0.0356095 	 3.35883 	 3.63565 
106300	 0.0339984 	 3.81184 	 4.55243 
106400	 0.0257098 	 3.73528 	 4.08725 
106500	 0.022841 	 4.16204 	 3.91168 
106600	 0.0357413 	 3.43747 	 3.5548 
106700	 0.0266077 	 3.0338 	 3.36031 
106800	 0.0300346 	 4.03437 	 4.67688 
106900	 0.0201662 	 2.86544 	 2.97992 
107000	 0.0237995 	 3.55611 	 3.78353 
107100	 0.026128 	 3.32409 	 3.69103 
107200	 0.0235906 	 3.37376 	 3.69945 
107300	 0.0326434 	 3.58159 	 3.56814 
107400	 0.0218396 	 3.39445 	 3.85955 
107500	 0.0348917 	 3.85073 	 3.58565 
107600	 0.0333541 	 3.99411 	 4.70991 
107700	 0.0335284 	 3.69533 	 3.8953 
107800	 0.022758 	 3.32906 	 3.76872 
107900	 0.0346976 	 3.83639 	 4.31308 
108000	 0.0373254 	 3.81091 	 4.36832 
108100	 0.0252944 	 3.7108 	 3.86254 
108200	 0.0327844 	 3.17948 	 3.12464 
108300	 0.037915 	 4.1346 	 5.0139 
108400	 0.0203102 	 3.85124 	 3.80482 
108500	 0.042736 	 4.02401 	 4.53393 
108600	 0.0304464 	 3.51516 	 3.47674 
108700	 0.0377365 	 3.31935 	 3.49032 
108800	 0.0447644 	 3.55507 	 3.72231 
108900	 0.0273202 	 3.80733 	 4.55077 
109000	 0.0234286 	 3.47198 	 3.89772 
109100	 0.0442868 	 3.52845 	 4.24063 
109200	 0.0275513 	 3.10112 	 3.11271 
109300	 0.0431878 	 3.8412 	 4.54314 
109400	 0.0327039 	 3.97831 	 4.65664 
109500	 0.0247913 	 3.1219 	 3.17457 
109600	 0.0305933 	 2.86807 	 3.06073 
109700	 0.0372352 	 4.38559 	 4.9659 
109800	 0.0224456 	 3.32423 	 3.36963 
109900	 0.0298054 	 3.7207 	 3.88832 
110000	 0.0329822 	 2.94543 	 2.97296 
110100	 0.0327142 	 3.55197 	 4.11374 
110200	 0.0301242 	 4.58535 	 5.36095 
110300	 0.0382379 	 3.62708 	 4.00931 
110400	 0.0193654 	 3.21568 	 3.87716 
110500	 0.0273442 	 3.15381 	 3.51976 
110600	 0.0359867 	 3.65925 	 3.78545 
110700	 0.0258464 	 2.98233 	 3.37737 
110800	 0.0395986 	 4.04293 	 4.38214 
110900	 0.0205516 	 3.00364 	 3.11955 
111000	 0.0225569 	 3.06376 	 3.14861 
111100	 0.0517016 	 3.46095 	 3.85136 
111200	 0.034024 	 3.84064 	 4.0425 
111300	 0.0286098 	 3.47711 	 3.96479 
111400	 0.0341809 	 3.83365 	 4.46476 
111500	 0.0283952 	 4.13611 	 4.22537 
111600	 0.0315699 	 3.62768 	 3.66185 
111700	 0.032129 	 3.1879 	 3.42663 
111800	 0.0283179 	 3.86424 	 3.97493 
111900	 0.0277788 	 3.67232 	 4.03563 
112000	 0.0410602 	 2.88852 	 3.04787 
112100	 0.0376866 	 3.37856 	 3.73022 
112200	 0.0261881 	 3.18283 	 3.38852 
112300	 0.0312653 	 3.64638 	 3.69798 
112400	 0.0303211 	 3.78196 	 4.52336 
112500	 0.0409779 	 4.26225 	 4.49949 
112600	 0.0202091 	 3.60131 	 4.34873 
112700	 0.0384276 	 3.09105 	 3.07116 
112800	 0.0308679 	 4.13094 	 4.55588 
112900	 0.0209643 	 3.31287 	 3.49238 
113000	 0.0312729 	 3.67569 	 3.81121 
113100	 0.033577 	 3.37715 	 3.4733 
113200	 0.0309112 	 3.35441 	 3.93684 
113300	 0.0309895 	 3.18191 	 2.78016 
113400	 0.0345753 	 3.72813 	 4.24715 
113500	 0.0212461 	 3.26963 	 3.91598 
113600	 0.0438581 	 4.14033 	 4.32098 
113700	 0.0386356 	 3.6513 	 4.35118 
113800	 0.0426028 	 4.02174 	 3.91304 
113900	 0.0324746 	 3.44575 	 3.84936 
114000	 0.0270752 	 2.8303 	 3.11713 
114100	 0.0383562 	 3.90464 	 4.23963 
114200	 0.0344913 	 4.27581 	 5.61945 
114300	 0.0404908 	 3.68159 	 4.91728 
114400	 0.0362862 	 3.82202 	 4.15937 
114500	 0.0309495 	 3.88263 	 4.6142 
114600	 0.0223601 	 3.53773 	 3.99039 
114700	 0.0173815 	 3.30805 	 3.41095 
114800	 0.0342465 	 3.9731 	 4.45647 
114900	 0.0297307 	 3.80732 	 3.72155 
115000	 0.022269 	 3.1605 	 3.61721 
115100	 0.0305092 	 3.57528 	 4.28389 
115200	 0.0289697 	 3.06946 	 3.31117 
115300	 0.0422988 	 3.61924 	 3.85634 
115400	 0.0285799 	 3.16474 	 3.18898 
115500	 0.0353029 	 3.555 	 4.1057 
115600	 0.0341499 	 2.85328 	 3.26695 
115700	 0.050449 	 3.21314 	 3.27808 
115800	 0.0365126 	 2.96588 	 3.23406 
115900	 0.0414934 	 3.71862 	 3.78189 
116000	 0.0197931 	 3.60121 	 4.18344 
116100	 0.0313221 	 2.91431 	 2.95151 
116200	 0.0274599 	 3.88003 	 4.07914 
116300	 0.0182919 	 3.66714 	 4.40994 
116400	 0.0297186 	 3.40595 	 3.52493 
116500	 0.0314145 	 3.68232 	 4.24876 
116600	 0.0300591 	 4.05052 	 4.79333 
116700	 0.0314579 	 3.62745 	 3.6989 
116800	 0.0382861 	 3.22393 	 3.60284 
116900	 0.0365496 	 3.53746 	 4.24168 
117000	 0.0246877 	 3.51279 	 3.78702 
117100	 0.0237612 	 2.80737 	 3.05562 
117200	 0.0322473 	 3.48064 	 4.19786 
117300	 0.0339067 	 3.31859 	 3.91549 
117400	 0.0238929 	 3.98452 	 4.68628 
117500	 0.0215566 	 4.4887 	 5.67361 
117600	 0.0331206 	 3.78233 	 3.90477 
117700	 0.0316364 	 3.44333 	 3.70297 
117800	 0.0285464 	 3.51381 	 3.52559 
117900	 0.0268775 	 3.08411 	 3.27497 
118000	 0.0230446 	 3.90357 	 4.27392 
118100	 0.0268612 	 3.54139 	 3.57243 
118200	 0.0196971 	 3.67929 	 4.4037 
118300	 0.02885 	 4.30953 	 4.26784 
118400	 0.0333541 	 3.81934 	 3.69842 
118500	 0.0139291 	 2.56699 	 2.55987 
118600	 0.0399968 	 3.722 	 4.4646 
118700	 0.0249191 	 3.78517 	 4.78908 
118800	 0.0433033 	 3.60207 	 3.36759 
118900	 0.0389507 	 3.77166 	 3.7358 
119000	 0.041097 	 3.60206 	 4.30686 
119100	 0.0274225 	 3.43871 	 3.68204 
119200	 0.0252115 	 3.76156 	 4.34105 
119300	 0.0411828 	 4.01073 	 4.0273 
119400	 0.0253657 	 2.91248 	 2.99517 
119500	 0.0282466 	 3.47849 	 3.96051 
119600	 0.0284687 	 3.2894 	 3.40917 
119700	 0.0438942 	 3.69517 	 4.28408 
119800	 0.0235764 	 3.70714 	 4.47175 
119900	 0.0405744 	 4.08132 	 4.01687 
120000	 0.019973 	 3.61628 	 4.59856 
120100	 0.0336547 	 2.94293 	 3.33034 
120200	 0.0256694 	 3.81706 	 3.77056 
120300	 0.0439936 	 3.07891 	 3.22995 
120400	 0.0324527 	 2.99505 	 3.02298 
120500	 0.0376378 	 3.73484 	 4.28183 
120600	 0.0329962 	 3.69121 	 4.01532 
120700	 0.0372731 	 3.60876 	 3.78204 
120800	 0.0362117 	 3.45086 	 3.29739 
120900	 0.0238324 	 3.17049 	 3.32837 
121000	 0.0201766 	 3.82152 	 3.96176 
121100	 0.0270268 	 4.04873 	 4.16006 
121200	 0.0551027 	 3.46254 	 3.48568 
121300	 0.0241805 	 4.27704 	 4.83104 
121400	 0.0379659 	 3.19738 	 4.11376 
121500	 0.0255596 	 3.02807 	 3.40435 
121600	 0.0276905 	 2.91616 	 3.17991 
121700	 0.0235973 	 3.65 	 4.30169 
121800	 0.0198336 	 3.13423 	 3.2278 
121900	 0.0286727 	 3.10282 	 3.11664 
122000	 0.0224212 	 3.28946 	 3.39719 
122100	 0.0269349 	 3.72299 	 4.34678 
122200	 0.0222462 	 3.57361 	 3.36821 
122300	 0.0207864 	 3.89834 	 4.05396 
122400	 0.0290376 	 4.03247 	 4.70648 
122500	 0.0261352 	 3.15385 	 3.65512 
122600	 0.02755 	 2.97699 	 3.5593 
122700	 0.0327334 	 3.79134 	 3.90884 
122800	 0.0164648 	 3.76683 	 4.29225 
122900	 0.035202 	 3.91788 	 4.35563 
123000	 0.03209 	 3.16922 	 3.52712 
123100	 0.030283 	 3.73884 	 3.66327 
123200	 0.0305846 	 3.37991 	 3.57101 
123300	 0.0381902 	 4.01382 	 4.14494 
123400	 0.0207023 	 3.36337 	 4.08245 
123500	 0.0290903 	 3.14049 	 3.13489 
123600	 0.0356443 	 3.73334 	 4.16274 
123700	 0.030952 	 3.07459 	 3.63316 
123800	 0.0468037 	 3.10012 	 3.17559 
123900	 0.0263645 	 4.10459 	 4.80222 
124000	 0.0328192 	 3.86176 	 4.2205 
124100	 0.0240517 	 3.10313 	 3.5721 
124200	 0.0233381 	 3.78213 	 3.80252 
124300	 0.0205873 	 3.77397 	 3.92259 
124400	 0.0284996 	 3.62247 	 4.28809 
124500	 0.0340908 	 3.4977 	 4.41439 
124600	 0.0383574 	 3.73663 	 4.29138 
124700	 0.0353386 	 3.20352 	 3.31651 
124800	 0.0230284 	 3.94755 	 4.06762 
124900	 0.0325082 	 3.49983 	 3.97839 
125000	 0.0338226 	 2.86181 	 3.0892 
125100	 0.0292972 	 3.313 	 3.54333 
125200	 0.0255798 	 3.04942 	 3.49623 
125300	 0.0231185 	 3.73264 	 4.68539 
125400	 0.0334726 	 4.05509 	 4.68215 
125500	 0.0305606 	 3.52024 	 3.29521 
125600	 0.0371348 	 4.22601 	 4.77854 
125700	 0.0369431 	 4.08618 	 5.39664 
125800	 0.0284741 	 3.70096 	 4.21875 
125900	 0.0390743 	 3.48747 	 3.21476 
126000	 0.0311348 	 2.9279 	 2.73007 
126100	 0.0328069 	 3.07467 	 3.39589 
126200	 0.031157 	 3.07641 	 3.44639 
126300	 0.0343293 	 3.87322 	 4.28488 
126400	 0.0320197 	 3.53962 	 3.91863 
126500	 0.0160139 	 2.80236 	 2.79262 
126600	 0.0278667 	 4.44058 	 4.93349 
126700	 0.021687 	 4.48434 	 5.55181 
126800	 0.0251973 	 3.32442 	 3.40833 
126900	 0.0314871 	 3.76393 	 4.33624 
127000	 0.0285415 	 4.02899 	 4.15997 
127100	 0.046308 	 3.38823 	 3.7429 
127200	 0.0227601 	 3.1304 	 3.86264 
127300	 0.0592883 	 4.18695 	 5.13332 
127400	 0.0355837 	 4.15502 	 4.56475 
127500	 0.0246136 	 3.35621 	 3.70557 
127600	 0.0288537 	 3.4832 	 4.03357 
127700	 0.03002 	 3.17104 	 3.23071 
127800	 0.0250625 	 3.61743 	 3.99098 
127900	 0.0610933 	 4.21493 	 4.57513 
128000	 0.0273311 	 3.10346 	 3.24842 
128100	 0.0275962 	 3.44166 	 3.83806 
128200	 0.0248956 	 3.53238 	 4.24457 
128300	 0.0357441 	 4.01941 	 4.41758 
128400	 0.0436324 	 3.9689 	 4.37262 
128500	 0.0392187 	 3.81528 	 4.29138 
128600	 0.0366276 	 3.7737 	 4.45637 
128700	 0.0235462 	 3.48614 	 4.08866 
128800	 0.030955 	 3.56677 	 4.21768 
128900	 0.0280212 	 3.22358 	 3.74044 
129000	 0.0240559 	 4.03831 	 4.56222 
129100	 0.0365882 	 3.22184 	 3.63595 
129200	 0.035123 	 3.55706 	 3.74738 
129300	 0.0241977 	 3.17657 	 3.42388 
129400	 0.0262365 	 3.22374 	 3.51131 
129500	 0.0369022 	 3.62026 	 3.93209 
129600	 0.0205524 	 3.66273 	 4.12301 
129700	 0.0292155 	 2.92697 	 2.94822 
129800	 0.0185492 	 3.62331 	 4.04367 
129900	 0.0320635 	 3.75328 	 4.37736 
130000	 0.0150759 	 3.24416 	 3.72952 
130100	 0.041006 	 3.22399 	 3.99493 
130200	 0.021311 	 3.48768 	 4.02898 
130300	 0.0201828 	 3.37675 	 3.85145 
130400	 0.03187 	 3.23511 	 4.03859 
130500	 0.0369162 	 3.275 	 3.19687 
130600	 0.0296019 	 3.60243 	 4.03263 
130700	 0.030371 	 4.10812 	 4.75606 
130800	 0.0323722 	 3.30308 	 3.71809 
130900	 0.0307344 	 4.44216 	 5.41074 
131000	 0.0401141 	 2.92131 	 3.10301 
131100	 0.0208959 	 3.63478 	 3.65981 
131200	 0.0372993 	 2.6547 	 2.96028 
131300	 0.0448505 	 4.06629 	 5.1382 
131400	 0.0361284 	 3.22707 	 3.51404 
131500	 0.0246566 	 2.9872 	 3.98457 
131600	 0.0351006 	 3.63796 	 4.29985 
131700	 0.0288439 	 3.81267 	 4.23709 
131800	 0.0325441 	 2.92538 	 2.8863 
131900	 0.0262264 	 3.08984 	 3.32033 
132000	 0.04072 	 3.31829 	 3.81348 
132100	 0.0372177 	 3.6422 	 3.85981 
132200	 0.027864 	 3.18161 	 3.45204 
132300	 0.0222315 	 3.43367 	 3.93706 
132400	 0.036372 	 3.00616 	 3.31538 
132500	 0.028305 	 3.00051 	 2.89242 
132600	 0.0292006 	 4.06261 	 4.17008 
132700	 0.0318183 	 3.40816 	 3.93141 
132800	 0.0236108 	 3.03879 	 3.15049 
132900	 0.0319718 	 3.28955 	 3.99648 
133000	 0.0282908 	 3.34481 	 3.83879 
133100	 0.0249934 	 3.68957 	 3.59422 
133200	 0.0399642 	 3.48861 	 3.3369 
133300	 0.0297308 	 3.7925 	 4.94039 
133400	 0.0213967 	 3.49265 	 3.85331 
133500	 0.03226 	 3.37442 	 3.53915 
133600	 0.0247922 	 3.49503 	 3.6831 
133700	 0.0268337 	 4.03609 	 4.10209 
133800	 0.0413036 	 3.5717 	 3.6884 
133900	 0.0327955 	 3.84673 	 4.24988 
134000	 0.0237093 	 2.97117 	 3.49803 
134100	 0.0285877 	 2.60528 	 2.65033 
134200	 0.0208391 	 3.7717 	 4.49097 
134300	 0.028111 	 3.21074 	 3.59942 
134400	 0.0255287 	 3.6071 	 4.00978 
134500	 0.0295662 	 3.33851 	 3.72752 
134600	 0.0379206 	 3.485 	 3.83649 
134700	 0.0361408 	 3.67009 	 3.86183 
134800	 0.0191333 	 3.69516 	 3.79048 
134900	 0.0311583 	 3.55317 	 3.84947 
135000	 0.0202428 	 3.53812 	 4.04527 
135100	 0.0457643 	 3.86918 	 4.94668 
135200	 0.0255571 	 3.98902 	 4.07531 
135300	 0.0422175 	 3.16625 	 3.82404 
135400	 0.030118 	 3.77211 	 4.57025 
135500	 0.0284854 	 3.17746 	 3.74035 
135600	 0.0145416 	 3.60515 	 3.87536 
135700	 0.0281505 	 3.04366 	 3.48462 
135800	 0.0208931 	 3.48454 	 3.91546 
135900	 0.0475323 	 2.88058 	 3.1436 
136000	 0.026965 	 3.1156 	 3.24361 
136100	 0.0298373 	 3.59326 	 4.00168 
136200	 0.0278491 	 3.63118 	 3.54445 
136300	 0.0340962 	 3.25809 	 3.66091 
136400	 0.0317139 	 3.07962 	 3.38019 
136500	 0.0278645 	 3.5099 	 4.36133 
136600	 0.0269343 	 3.555 	 4.21731 
136700	 0.0382658 	 3.84048 	 4.65125 
136800	 0.0314671 	 3.37149 	 3.98593 
136900	 0.0218735 	 4.22719 	 5.17733 
137000	 0.0241076 	 3.30327 	 3.45626 
137100	 0.0343941 	 3.84964 	 3.76912 
137200	 0.0208387 	 3.96407 	 4.70286 
137300	 0.0273221 	 3.10228 	 3.14063 
137400	 0.038422 	 3.25304 	 3.70666 
137500	 0.0407002 	 3.11042 	 3.17783 
137600	 0.0322158 	 4.60773 	 5.29206 
137700	 0.0376494 	 3.69055 	 4.18786 
137800	 0.0263214 	 3.40263 	 3.73034 
137900	 0.0263713 	 4.23657 	 4.46159 
138000	 0.0260841 	 3.52102 	 3.818 
138100	 0.0362969 	 3.6653 	 4.01197 
138200	 0.0280597 	 3.22912 	 3.85352 
138300	 0.0391885 	 3.96322 	 4.62996 
138400	 0.043631 	 3.07858 	 3.42357 
138500	 0.0279176 	 3.801 	 3.80275 
138600	 0.0233438 	 3.25124 	 4.0069 
138700	 0.0241686 	 3.97861 	 4.48936 
138800	 0.0273364 	 3.73377 	 3.76936 
138900	 0.0234085 	 3.64644 	 4.27174 
139000	 0.0221193 	 3.9898 	 5.23093 
139100	 0.0210887 	 3.8014 	 4.45044 
139200	 0.0325072 	 2.91889 	 3.14552 
139300	 0.0184081 	 3.42424 	 3.99201 
139400	 0.0180031 	 3.64609 	 3.91527 
139500	 0.0214093 	 2.89876 	 2.85346 
139600	 0.0317263 	 3.10986 	 3.24852 
139700	 0.0259173 	 3.68199 	 3.84977 
139800	 0.0216811 	 3.15866 	 3.69472 
139900	 0.0276845 	 3.92684 	 4.21124 
140000	 0.032538 	 3.44418 	 3.29144 
140100	 0.0239477 	 3.59458 	 3.61577 
140200	 0.0309948 	 3.19004 	 3.27415 
140300	 0.0446285 	 4.02172 	 5.00752 
140400	 0.0385726 	 4.07532 	 3.91451 
140500	 0.0425531 	 3.54529 	 4.06328 
140600	 0.0366474 	 4.23934 	 5.24397 
140700	 0.0216491 	 3.74215 	 4.15638 
140800	 0.0212448 	 3.41454 	 3.95727 
140900	 0.0277088 	 3.09723 	 3.48854 
141000	 0.0278547 	 3.13118 	 2.94775 
141100	 0.0265203 	 3.13747 	 3.43857 
141200	 0.0272613 	 4.58095 	 4.58633 
141300	 0.0336627 	 2.86451 	 2.93679 
141400	 0.030774 	 4.01667 	 4.54703 
141500	 0.0234424 	 2.7474 	 2.71611 
141600	 0.0355033 	 3.09 	 3.28669 
141700	 0.0335218 	 3.90186 	 4.39308 
141800	 0.0151504 	 3.657 	 3.94691 
141900	 0.0373713 	 3.32554 	 3.04704 
142000	 0.0397044 	 2.66848 	 2.85129 
142100	 0.0238236 	 3.27729 	 3.68442 
142200	 0.0228453 	 3.64816 	 4.06017 
142300	 0.0365688 	 3.39084 	 4.08327 
142400	 0.0354741 	 3.53975 	 3.93543 
142500	 0.0312364 	 3.11034 	 3.30026 
142600	 0.020066 	 4.27106 	 5.23539 
142700	 0.0371168 	 3.46822 	 4.29425 
142800	 0.0372168 	 3.71828 	 4.28719 
142900	 0.0184963 	 2.93482 	 3.23758 
143000	 0.0254081 	 3.63494 	 4.14423 
143100	 0.0302803 	 3.49227 	 4.23346 
143200	 0.0356544 	 3.47024 	 3.44175 
143300	 0.0310889 	 3.2648 	 3.79614 
143400	 0.0301931 	 3.09708 	 3.76511 
143500	 0.0284067 	 3.0692 	 3.43928 
143600	 0.0164595 	 3.42649 	 3.50182 
143700	 0.0326261 	 3.37155 	 3.11095 
143800	 0.0329115 	 3.63994 	 3.90917 
143900	 0.0295568 	 3.74141 	 3.92054 
144000	 0.0244544 	 3.30761 	 3.82161 
144100	 0.0215183 	 3.21226 	 3.64461 
144200	 0.0238839 	 2.85031 	 3.07507 
144300	 0.0333389 	 2.77592 	 3.10747 
144400	 0.0270821 	 3.93736 	 5.06277 
144500	 0.0326454 	 3.66637 	 3.82911 
144600	 0.036428 	 2.81654 	 2.90465 
144700	 0.0229569 	 3.95835 	 4.12046 
144800	 0.0307051 	 2.7149 	 3.00561 
144900	 0.0410929 	 3.51813 	 3.6568 
145000	 0.0177199 	 4.26519 	 4.52954 
145100	 0.028054 	 3.3303 	 3.90399 
145200	 0.0215436 	 3.16105 	 3.15317 
145300	 0.0378084 	 3.42164 	 3.93941 
145400	 0.03182 	 3.16592 	 3.64719 
145500	 0.0226673 	 3.71562 	 3.90816 
145600	 0.0266523 	 3.24985 	 3.59825 
145700	 0.0499831 	 3.00043 	 3.53446 
145800	 0.0365661 	 3.80383 	 4.40416 
145900	 0.0446127 	 3.73308 	 4.2803 
146000	 0.0243482 	 3.62546 	 3.95205 
146100	 0.0423588 	 2.5238 	 2.48876 
146200	 0.0259891 	 3.22953 	 3.68538 
146300	 0.0179624 	 3.3215 	 3.66592 
146400	 0.0253508 	 3.07394 	 3.15269 
146500	 0.0387992 	 3.76496 	 4.60511 
146600	 0.0301624 	 3.28361 	 3.69478 
146700	 0.0341892 	 3.77074 	 5.12701 
146800	 0.0323018 	 3.63322 	 3.97356 
146900	 0.0209695 	 3.47986 	 3.56017 
147000	 0.0297794 	 3.40183 	 3.98985 
147100	 0.031962 	 3.44459 	 3.73834 
147200	 0.0345086 	 3.44956 	 3.21092 
147300	 0.0250956 	 3.09722 	 3.22185 
147400	 0.044388 	 3.38139 	 4.1898 
147500	 0.0243011 	 3.30725 	 3.60303 
147600	 0.0278928 	 3.32635 	 3.64081 
147700	 0.0435507 	 3.73922 	 4.20806 
147800	 0.0372557 	 3.3547 	 3.91851 
147900	 0.0236116 	 3.72264 	 4.00276 
148000	 0.023716 	 3.58867 	 4.09196 
148100	 0.0253479 	 3.8751 	 3.70634 
148200	 0.025038 	 2.92801 	 2.86986 
148300	 0.0257581 	 3.34141 	 3.85506 
148400	 0.0279748 	 3.41024 	 3.88708 
148500	 0.0312258 	 3.08245 	 3.20831 
148600	 0.0328014 	 3.63276 	 3.82569 
148700	 0.0300582 	 3.68271 	 3.80298 
148800	 0.0334242 	 3.0132 	 3.08033 
148900	 0.0237208 	 3.34557 	 3.77305 
149000	 0.0184657 	 3.40209 	 4.20225 
149100	 0.0227349 	 3.00383 	 3.60807 
149200	 0.0378123 	 2.99626 	 3.21988 
149300	 0.0218368 	 2.93497 	 3.16269 
149400	 0.0257026 	 3.99258 	 4.45438 
149500	 0.0365637 	 3.80997 	 4.53512 
149600	 0.0430576 	 4.24049 	 3.98955 
149700	 0.0315393 	 3.79376 	 4.46221 
149800	 0.0321659 	 3.05664 	 3.37484 
149900	 0.0315677 	 4.39952 	 5.94781 
150000	 0.0301231 	 3.16391 	 3.51383 
150100	 0.0232993 	 3.75538 	 4.41992 
150200	 0.0203424 	 2.68704 	 2.75956 
150300	 0.0296316 	 3.56999 	 4.1033 
150400	 0.0426159 	 3.64781 	 3.92973 
150500	 0.0218173 	 3.25486 	 3.41599 
150600	 0.0203254 	 3.53049 	 4.08801 
150700	 0.027143 	 3.35163 	 3.52268 
150800	 0.0311518 	 3.14676 	 3.93859 
150900	 0.024718 	 3.80087 	 4.05968 
151000	 0.0287857 	 3.13098 	 3.60388 
151100	 0.034791 	 3.49076 	 3.45296 
151200	 0.0234148 	 4.18564 	 4.31391 
151300	 0.0290537 	 3.43323 	 3.9224 
151400	 0.0254629 	 3.64312 	 3.90929 
151500	 0.0294347 	 3.02442 	 3.22244 
151600	 0.043909 	 3.98877 	 4.15983 
151700	 0.0317277 	 3.18313 	 3.6434 
151800	 0.0251316 	 3.14236 	 3.59369 
151900	 0.016514 	 3.57357 	 4.09735 
152000	 0.0299743 	 3.30739 	 3.22346 
152100	 0.0304399 	 3.21918 	 3.60758 
152200	 0.0308758 	 3.68235 	 4.13813 
152300	 0.0298331 	 2.88943 	 3.39028 
152400	 0.0278624 	 3.19291 	 3.49964 
152500	 0.0262663 	 3.24754 	 2.9728 
152600	 0.028607 	 3.90811 	 4.32337 
152700	 0.0239541 	 2.97066 	 3.3645 
152800	 0.0234461 	 2.90746 	 2.99505 
152900	 0.0242819 	 2.8621 	 3.11785 
153000	 0.0354372 	 2.76178 	 3.13028 
153100	 0.0222241 	 3.56323 	 3.45097 
153200	 0.0526239 	 3.47203 	 3.63892 
153300	 0.0260101 	 3.19156 	 3.08838 
153400	 0.0257105 	 3.62882 	 4.2537 
153500	 0.0269337 	 3.54899 	 4.01408 
153600	 0.0292157 	 3.62558 	 4.15706 
153700	 0.0264092 	 3.28963 	 3.79763 
153800	 0.0217253 	 3.67378 	 4.22923 
153900	 0.0338682 	 3.69629 	 4.17294 
154000	 0.0333284 	 2.93725 	 2.66509 
154100	 0.0216336 	 3.58071 	 3.70927 
154200	 0.022688 	 3.07571 	 3.58393 
154300	 0.0275044 	 3.44645 	 3.37236 
154400	 0.0280563 	 3.26745 	 3.86081 
154500	 0.055312 	 3.51895 	 3.57048 
154600	 0.0335552 	 3.23189 	 3.53095 
154700	 0.0278173 	 3.67898 	 3.95265 
154800	 0.026214 	 2.92038 	 3.47476 
154900	 0.0295371 	 3.54283 	 3.81155 
155000	 0.0221969 	 3.49504 	 3.8603 
155100	 0.0305228 	 3.51437 	 3.32914 
155200	 0.0303791 	 3.21707 	 3.26921 
155300	 0.0263633 	 3.66113 	 3.92716 
155400	 0.0314517 	 3.62495 	 3.90526 
155500	 0.0284752 	 3.9544 	 4.6 
155600	 0.027563 	 3.38106 	 3.46078 
155700	 0.0358449 	 3.08255 	 2.93424 
155800	 0.0266389 	 3.04849 	 3.07517 
155900	 0.0224308 	 3.38875 	 4.43019 
156000	 0.0259489 	 3.12401 	 3.64014 
156100	 0.0273335 	 3.27821 	 4.23072 
156200	 0.0214966 	 2.94568 	 3.19751 
156300	 0.0254 	 3.20469 	 3.43541 
156400	 0.0293333 	 2.99965 	 3.60602 
156500	 0.0301422 	 2.74591 	 3.13898 
156600	 0.0431373 	 3.21418 	 3.78941 
156700	 0.0321015 	 3.50626 	 4.09724 
156800	 0.0171348 	 3.1863 	 3.55257 
156900	 0.0226027 	 3.23 	 3.33011 
157000	 0.0248033 	 3.38405 	 3.82964 
157100	 0.018684 	 3.47908 	 4.16845 
157200	 0.0341279 	 3.33651 	 3.63495 
157300	 0.033065 	 3.36134 	 3.94057 
157400	 0.0364627 	 3.74548 	 4.08692 
157500	 0.0283435 	 3.84387 	 4.04476 
157600	 0.0179512 	 3.30209 	 3.54259 
157700	 0.0253575 	 3.18078 	 3.79762 
157800	 0.0252958 	 3.2992 	 3.58909 
157900	 0.0243068 	 3.75944 	 3.49904 
158000	 0.0318687 	 3.407 	 4.30489 
158100	 0.0233529 	 3.24319 	 3.22353 
158200	 0.0376417 	 3.04872 	 3.26948 
158300	 0.0462664 	 3.29243 	 3.05581 
158400	 0.0226509 	 3.69113 	 4.02158 
158500	 0.023188 	 3.57204 	 4.1186 
158600	 0.035278 	 3.3869 	 3.85625 
158700	 0.024489 	 3.15693 	 3.18174 
158800	 0.0246581 	 3.22478 	 3.54222 
158900	 0.0243709 	 3.59621 	 3.59668 
159000	 0.0265327 	 3.93259 	 4.52536 
159100	 0.0289472 	 3.38644 	 3.77951 
159200	 0.0152659 	 3.72548 	 4.75153 
159300	 0.0235053 	 3.4839 	 4.17392 
159400	 0.0271606 	 3.06745 	 3.26846 
159500	 0.0335403 	 3.60848 	 3.90304 
159600	 0.0191325 	 3.59293 	 4.40331 
159700	 0.0422619 	 2.9972 	 3.04935 
159800	 0.0204931 	 3.83568 	 4.46654 
159900	 0.0258969 	 3.54336 	 3.85298 
160000	 0.0318772 	 3.34235 	 3.81379 
160100	 0.0269271 	 3.11619 	 3.37496 
160200	 0.0321328 	 2.98297 	 3.19998 
160300	 0.019037 	 3.32372 	 3.5196 
160400	 0.0274161 	 3.38554 	 3.77554 
160500	 0.0279026 	 3.16709 	 3.3103 
160600	 0.0148541 	 3.75083 	 4.42825 
160700	 0.0337381 	 3.37742 	 4.09333 
160800	 0.0338363 	 2.94591 	 3.64548 
160900	 0.0314078 	 3.93357 	 4.80905 
161000	 0.0468502 	 3.56536 	 3.65356 
161100	 0.0290576 	 3.47348 	 3.58012 
161200	 0.0246803 	 3.81035 	 4.70988 
161300	 0.0319467 	 3.74082 	 4.76149 
161400	 0.0419828 	 3.89044 	 4.4655 
161500	 0.0325373 	 3.02308 	 3.64936 
161600	 0.0320239 	 3.34178 	 3.59549 
161700	 0.0218536 	 3.30203 	 4.17115 
161800	 0.024395 	 3.3066 	 3.52399 
161900	 0.0244609 	 3.35927 	 3.85309 
162000	 0.0230281 	 3.85287 	 5.11553 
162100	 0.0316385 	 3.4451 	 3.61112 
162200	 0.0239503 	 3.21975 	 3.91545 
162300	 0.0493242 	 3.16083 	 3.12727 
162400	 0.0285836 	 3.5396 	 4.29246 
162500	 0.0227057 	 2.9 	 2.84269 
162600	 0.0254026 	 3.36111 	 3.61824 
162700	 0.0291156 	 3.19842 	 3.52166 
162800	 0.0216501 	 4.10339 	 4.8712 
162900	 0.0228969 	 3.41542 	 4.03355 
163000	 0.034352 	 3.66925 	 4.13786 
163100	 0.021827 	 3.68712 	 3.79277 
163200	 0.0313019 	 2.81273 	 3.41341 
163300	 0.0252113 	 2.90246 	 3.45536 
163400	 0.0309302 	 3.79884 	 4.51629 
163500	 0.036753 	 3.14501 	 3.66326 
163600	 0.0354322 	 2.79636 	 3.26847 
163700	 0.0223287 	 3.26214 	 3.33698 
163800	 0.0260928 	 3.80065 	 4.47697 
163900	 0.0272382 	 3.51354 	 4.51997 
164000	 0.0195869 	 3.58087 	 3.80963 
164100	 0.0230411 	 3.56754 	 3.89778 
164200	 0.0280184 	 3.06483 	 3.78518 
164300	 0.0242386 	 3.15235 	 3.64566 
164400	 0.0399285 	 3.27118 	 3.62874 
164500	 0.0239063 	 3.63768 	 4.00783 
164600	 0.030482 	 3.93438 	 4.57024 
164700	 0.0236168 	 3.61271 	 4.2069 
164800	 0.0319455 	 4.08482 	 3.85241 
164900	 0.0284671 	 3.55919 	 4.38783 
165000	 0.0238594 	 3.43975 	 4.31758 
165100	 0.0269524 	 4.73164 	 5.24985 
165200	 0.019409 	 2.89626 	 3.4379 
165300	 0.0299806 	 3.47357 	 3.87277 
165400	 0.0319686 	 3.3251 	 3.75594 
165500	 0.0311855 	 3.4907 	 3.58105 
165600	 0.0314719 	 3.34224 	 3.52289 
165700	 0.0201904 	 3.13064 	 3.23085 
165800	 0.0261087 	 3.29411 	 3.69993 
165900	 0.0207357 	 3.33458 	 4.07474 
166000	 0.0210339 	 3.27237 	 3.32486 
166100	 0.0241835 	 2.98159 	 3.01993 
166200	 0.0335482 	 3.82922 	 4.64254 
166300	 0.0247194 	 2.98049 	 3.04843 
166400	 0.0351846 	 3.33171 	 3.87579 
166500	 0.0248386 	 2.83604 	 2.93903 
166600	 0.0259882 	 4.33155 	 5.12905 
166700	 0.0446574 	 3.82062 	 4.45428 
166800	 0.0234391 	 3.1333 	 3.13448 
166900	 0.032995 	 3.26495 	 3.36201 
167000	 0.0161879 	 3.1068 	 3.64373 
167100	 0.0293124 	 3.50139 	 4.02317 
167200	 0.0178806 	 3.67551 	 3.91186 
167300	 0.0244322 	 3.27546 	 3.54624 
167400	 0.0206077 	 3.35186 	 3.67798 
167500	 0.0163841 	 3.54514 	 3.74058 
167600	 0.0229232 	 4.05931 	 4.37334 
167700	 0.0241612 	 3.02782 	 3.70567 
167800	 0.0423735 	 3.51319 	 3.70549 
167900	 0.0215319 	 3.92799 	 4.0568 
168000	 0.0226233 	 3.68554 	 4.19673 
168100	 0.0305582 	 3.8053 	 3.65076 
168200	 0.0223455 	 3.20661 	 2.89565 
168300	 0.0319345 	 3.63733 	 4.37953 
168400	 0.0265869 	 3.09479 	 3.5679 
168500	 0.0392714 	 3.27983 	 3.92246 
168600	 0.026899 	 3.56162 	 3.75593 
168700	 0.0177533 	 2.63905 	 2.96941 
168800	 0.039598 	 3.13832 	 3.65857 
168900	 0.0300254 	 3.25064 	 3.701 
169000	 0.017623 	 3.57941 	 3.96459 
169100	 0.0354192 	 3.38202 	 3.76139 
169200	 0.0170154 	 3.17774 	 3.47427 
169300	 0.02169 	 2.65465 	 2.80503 
169400	 0.0239944 	 3.88141 	 4.02936 
169500	 0.0238285 	 3.46865 	 4.00319 
169600	 0.0402296 	 3.63478 	 4.0252 
169700	 0.0468563 	 4.46363 	 4.53144 
169800	 0.0287918 	 3.16744 	 3.80716 
169900	 0.044074 	 2.86493 	 2.92018 
170000	 0.0345501 	 3.05708 	 3.48078 
170100	 0.0264024 	 3.5181 	 3.85149 
170200	 0.0307255 	 3.43414 	 3.70593 
170300	 0.0360468 	 3.88482 	 4.22703 
170400	 0.0329099 	 3.37949 	 4.21008 
170500	 0.0307973 	 2.84242 	 3.01889 
170600	 0.0232815 	 3.50498 	 3.92587 
170700	 0.0275625 	 3.46197 	 4.14915 
170800	 0.0173804 	 3.83598 	 4.26396 
170900	 0.0285996 	 3.42545 	 3.17654 
171000	 0.0341634 	 3.23633 	 3.76806 
171100	 0.0341252 	 3.85306 	 4.43955 
171200	 0.0290251 	 4.00968 	 4.89125 
171300	 0.0356373 	 3.18469 	 4.05226 
171400	 0.0378673 	 3.57244 	 3.76908 
171500	 0.0211518 	 3.80047 	 3.52038 
171600	 0.0143515 	 3.25866 	 3.87716 
171700	 0.024442 	 3.59738 	 4.6542 
171800	 0.0211976 	 3.48802 	 3.90985 
171900	 0.0291374 	 3.40179 	 3.74004 
172000	 0.0218327 	 2.73385 	 3.05242 
172100	 0.0248921 	 3.64655 	 4.20861 
172200	 0.0214803 	 3.09117 	 3.93069 
172300	 0.0221209 	 3.03188 	 3.18741 
172400	 0.0157447 	 3.16067 	 3.23965 
172500	 0.0308943 	 3.57355 	 3.84831 
172600	 0.0240754 	 3.51031 	 4.18336 
172700	 0.0409365 	 3.60256 	 3.6027 
172800	 0.0256936 	 3.40555 	 4.26427 
172900	 0.0257301 	 2.97109 	 3.48804 
173000	 0.0257551 	 3.75786 	 4.03265 
173100	 0.0415011 	 3.10778 	 3.57217 
173200	 0.0240044 	 3.55182 	 4.04935 
173300	 0.020767 	 3.23532 	 3.88924 
173400	 0.0269337 	 3.43874 	 4.05046 
173500	 0.0213817 	 3.30832 	 3.63427 
173600	 0.0183837 	 3.84234 	 4.7556 
173700	 0.0224963 	 3.70726 	 3.75791 
173800	 0.0223947 	 2.7886 	 3.07203 
173900	 0.0244203 	 3.71251 	 4.21877 
174000	 0.0309508 	 3.23105 	 3.61946 
174100	 0.0241634 	 3.32574 	 3.73753 
174200	 0.0269122 	 3.81045 	 4.04577 
174300	 0.0217999 	 3.50147 	 4.0831 
174400	 0.0319508 	 3.01757 	 3.70799 
174500	 0.0228646 	 3.60246 	 4.02946 
174600	 0.0292587 	 3.3968 	 3.56535 
174700	 0.0250745 	 3.98723 	 4.95356 
174800	 0.0231141 	 3.31714 	 3.52629 
174900	 0.0338167 	 3.95478 	 4.86364 
175000	 0.0300397 	 3.01779 	 3.18834 
175100	 0.032322 	 3.47226 	 3.54167 
175200	 0.0279014 	 3.27376 	 3.42985 
175300	 0.0385689 	 3.23073 	 3.4885 
175400	 0.0321479 	 3.33603 	 3.84067 
175500	 0.0173288 	 3.45034 	 3.77159 
175600	 0.0458793 	 3.99733 	 4.89254 
175700	 0.0195512 	 3.13096 	 3.59061 
175800	 0.0578265 	 3.21489 	 3.9408 
175900	 0.0266258 	 3.33097 	 3.66504 
176000	 0.0289618 	 3.51335 	 3.84004 
176100	 0.0222528 	 3.62096 	 3.60602 
176200	 0.0434532 	 2.85428 	 2.95296 
176300	 0.0316386 	 3.25458 	 3.69273 
176400	 0.0244861 	 3.4271 	 3.70277 
176500	 0.0298743 	 3.20596 	 3.79152 
176600	 0.0258984 	 3.47136 	 3.95042 
176700	 0.0261281 	 3.57922 	 4.06085 
176800	 0.0397955 	 3.48118 	 4.16906 
176900	 0.0310968 	 3.34659 	 3.82454 
177000	 0.0270548 	 3.79947 	 3.82254 
177100	 0.0237631 	 3.23491 	 3.66899 
177200	 0.0312523 	 3.32393 	 3.5307 
177300	 0.022065 	 4.37974 	 5.16508 
177400	 0.0205995 	 3.24905 	 3.68983 
177500	 0.0207384 	 3.32854 	 3.35615 
177600	 0.0172515 	 4.15377 	 4.45713 
177700	 0.0312178 	 3.5321 	 3.74308 
177800	 0.0233199 	 3.4876 	 4.28911 
177900	 0.0260835 	 3.34813 	 3.57472 
178000	 0.0185926 	 3.34922 	 3.66319 
178100	 0.0322308 	 3.20995 	 3.4201 
178200	 0.0233681 	 3.6169 	 4.03425 
178300	 0.0298287 	 3.37293 	 3.45064 
178400	 0.030537 	 3.89853 	 4.91004 
178500	 0.0399531 	 3.93672 	 4.51751 
178600	 0.0251312 	 3.26636 	 3.54433 
178700	 0.0207556 	 3.29241 	 3.81762 
178800	 0.0167251 	 2.94495 	 3.60447 
178900	 0.0331225 	 4.01053 	 5.04276 
179000	 0.0256138 	 3.87913 	 4.41123 
179100	 0.0183724 	 2.81365 	 2.88174 
179200	 0.023872 	 2.96108 	 2.98224 
179300	 0.0255782 	 2.98866 	 3.39779 
179400	 0.0214922 	 3.25218 	 4.22704 
179500	 0.0218577 	 2.85349 	 2.99792 
179600	 0.0282868 	 3.81555 	 4.14516 
179700	 0.0195678 	 3.11313 	 3.19795 
179800	 0.0178259 	 3.53641 	 3.81017 
179900	 0.029701 	 3.39175 	 4.12047 
180000	 0.0238574 	 3.27797 	 3.97689 
180100	 0.0254753 	 2.94255 	 3.29966 
180200	 0.0354438 	 3.78144 	 4.65752 
180300	 0.0398329 	 3.27611 	 3.84592 
180400	 0.0254754 	 3.0215 	 3.79581 
180500	 0.0265302 	 3.52382 	 4.06012 
180600	 0.0378311 	 3.66385 	 4.6989 
180700	 0.0287541 	 3.7473 	 4.41011 
180800	 0.0290608 	 3.52376 	 4.36744 
180900	 0.0173457 	 3.10411 	 3.13103 
181000	 0.0295027 	 3.37294 	 3.85609 
181100	 0.0202681 	 3.5747 	 3.94401 
181200	 0.0205224 	 3.00116 	 3.15455 
181300	 0.030724 	 3.17517 	 2.93503 
181400	 0.0295203 	 3.23768 	 3.46556 
181500	 0.0424907 	 3.46096 	 3.72258 
181600	 0.0326523 	 3.59542 	 4.2406 
181700	 0.0271922 	 3.16724 	 3.2568 
181800	 0.0279825 	 3.48599 	 3.27313 
181900	 0.0258499 	 3.1181 	 3.25869 
182000	 0.0207155 	 2.95476 	 3.3523 
182100	 0.0241999 	 3.68837 	 4.33325 
182200	 0.0249136 	 3.51716 	 3.55026 
182300	 0.0365855 	 3.54717 	 3.73266 
182400	 0.0329733 	 3.99709 	 4.76336 
182500	 0.0244417 	 3.38057 	 4.15209 
182600	 0.0320662 	 3.47294 	 4.07591 
182700	 0.0150739 	 3.15878 	 3.3419 
182800	 0.0261291 	 2.90604 	 3.07289 
182900	 0.0244447 	 3.1299 	 3.68123 
183000	 0.042044 	 3.87388 	 4.44131 
183100	 0.0308933 	 2.93571 	 3.11058 
183200	 0.0268732 	 3.22011 	 3.82143 
183300	 0.0354964 	 4.38353 	 4.42499 
183400	 0.0251879 	 3.54634 	 3.65482 
183500	 0.0476035 	 3.00997 	 3.58223 
183600	 0.0232314 	 3.61865 	 4.32621 
183700	 0.0236809 	 3.12203 	 3.56354 
183800	 0.0161702 	 3.52354 	 4.49013 
183900	 0.0366452 	 3.38588 	 3.27681 
184000	 0.0288905 	 3.1203 	 3.6841 
184100	 0.0239953 	 2.85564 	 2.82018 
184200	 0.01967 	 3.20905 	 3.86896 
184300	 0.0178886 	 3.51105 	 4.45818 
184400	 0.0207149 	 2.93729 	 3.42244 
184500	 0.0201624 	 2.97632 	 3.67132 
184600	 0.0353779 	 3.46417 	 3.43709 
184700	 0.0226794 	 3.85392 	 4.26998 
184800	 0.0282677 	 3.1475 	 3.86161 
184900	 0.0207327 	 2.69163 	 3.18441 
185000	 0.025495 	 3.6909 	 4.18222 
185100	 0.0193372 	 3.41403 	 3.5501 
185200	 0.0252288 	 2.8212 	 3.34597 
185300	 0.0245525 	 3.80216 	 4.09571 
185400	 0.0271592 	 3.13259 	 3.37804 
185500	 0.0255358 	 2.85922 	 2.99517 
185600	 0.0287984 	 3.23623 	 3.67578 
185700	 0.0203816 	 3.10729 	 3.52424 
185800	 0.039176 	 3.50935 	 3.78804 
185900	 0.032961 	 3.50969 	 4.26986 
186000	 0.0270037 	 3.55908 	 3.19787 
186100	 0.0206022 	 3.09957 	 3.29222 
186200	 0.0222074 	 3.9431 	 4.58859 
186300	 0.0306095 	 3.21073 	 3.78767 
186400	 0.0255575 	 3.70716 	 4.00987 
186500	 0.0234397 	 2.9326 	 3.23282 
186600	 0.0293995 	 3.63428 	 3.79501 
186700	 0.019725 	 3.80281 	 3.89927 
186800	 0.0228398 	 3.24341 	 3.59817 
186900	 0.0337854 	 3.65324 	 4.16399 
187000	 0.0193733 	 3.2715 	 3.27977 
187100	 0.0202239 	 3.28918 	 3.54163 
187200	 0.0251092 	 2.72465 	 3.33233 
187300	 0.0222571 	 3.0975 	 3.44111 
187400	 0.0332791 	 3.96102 	 4.68098 
187500	 0.0334846 	 3.4813 	 4.15965 
187600	 0.0359908 	 3.15038 	 3.49292 
187700	 0.015687 	 2.95208 	 3.25414 
187800	 0.0310041 	 3.0938 	 3.3518 
187900	 0.0216485 	 3.80642 	 4.43601 
188000	 0.0237709 	 3.79535 	 4.76132 
188100	 0.0210832 	 3.30251 	 3.66307 
188200	 0.0141996 	 3.50075 	 4.01766 
188300	 0.0266028 	 3.40458 	 4.00454 
188400	 0.0151817 	 3.17581 	 3.46065 
188500	 0.0211242 	 3.76119 	 3.46223 
188600	 0.0193129 	 3.55277 	 4.27172 
188700	 0.0227889 	 3.25809 	 3.19502 
188800	 0.0190338 	 3.6161 	 3.52626 
188900	 0.0211006 	 3.21494 	 3.80231 
189000	 0.0356545 	 3.74006 	 4.29185 
189100	 0.0228074 	 3.24766 	 3.36905 
189200	 0.0283668 	 3.7206 	 4.02478 
189300	 0.0263375 	 3.66768 	 4.44491 
189400	 0.0300517 	 3.21885 	 4.02971 
189500	 0.0204295 	 3.02454 	 3.34879 
189600	 0.0280317 	 3.73805 	 4.06916 
189700	 0.0197416 	 3.03888 	 3.46914 
189800	 0.0183388 	 3.67032 	 3.94983 
189900	 0.0329521 	 3.55868 	 3.77142 
190000	 0.0299845 	 3.20102 	 3.3915 
190100	 0.017993 	 3.17184 	 3.52416 
190200	 0.0345168 	 3.3003 	 3.80981 
190300	 0.0330203 	 3.71966 	 3.87755 
190400	 0.0325896 	 3.51067 	 4.00118 
190500	 0.0248768 	 4.12214 	 4.92123 
190600	 0.0192668 	 3.66707 	 4.07731 
190700	 0.0188223 	 3.5925 	 3.81986 
190800	 0.0190558 	 2.90648 	 3.28772 
190900	 0.0281999 	 3.36987 	 3.6584 
191000	 0.0310455 	 3.71337 	 4.08428 
191100	 0.0238232 	 3.14924 	 3.4272 
191200	 0.0196278 	 2.93727 	 3.27605 
191300	 0.0303672 	 3.0356 	 3.37974 
191400	 0.0340626 	 3.39015 	 3.61401 
191500	 0.0390306 	 3.25513 	 3.18712 
191600	 0.0335784 	 3.29034 	 3.86237 
191700	 0.0243655 	 3.36738 	 3.52992 
191800	 0.0299217 	 3.44599 	 3.67863 
191900	 0.0225677 	 2.92646 	 3.29988 
192000	 0.0173706 	 3.2096 	 3.13542 
192100	 0.0238114 	 3.35087 	 3.87788 
192200	 0.0332359 	 3.97563 	 4.61053 
192300	 0.0155435 	 3.16021 	 3.98548 
192400	 0.0161456 	 3.06928 	 3.37967 
192500	 0.0188999 	 4.14778 	 4.72821 
192600	 0.0261447 	 3.37562 	 3.68931 
192700	 0.0379584 	 3.28338 	 3.73441 
192800	 0.0243733 	 3.36846 	 3.76713 
192900	 0.0241012 	 3.8165 	 4.22611 
193000	 0.0240396 	 3.19013 	 3.50299 
193100	 0.0252057 	 3.71406 	 3.98448 
193200	 0.0222848 	 3.10901 	 3.27418 
193300	 0.0191184 	 3.60155 	 4.11023 
193400	 0.0179856 	 3.39543 	 4.04948 
193500	 0.0283312 	 3.29875 	 3.53101 
193600	 0.0207552 	 3.20717 	 3.15162 
193700	 0.0168391 	 3.30707 	 3.78296 
193800	 0.0343466 	 3.33756 	 3.83268 
193900	 0.0209283 	 3.93023 	 3.71612 
194000	 0.0324597 	 3.21286 	 3.14967 
194100	 0.0224374 	 3.28963 	 3.82518 
194200	 0.0330859 	 3.94186 	 4.28293 
194300	 0.0318639 	 3.76333 	 3.91504 
194400	 0.0245427 	 3.2746 	 4.00049 
194500	 0.0247321 	 3.62894 	 3.76383 
194600	 0.021016 	 3.26566 	 3.51023 
194700	 0.0283994 	 3.79956 	 4.52377 
194800	 0.0244925 	 3.71978 	 4.51282 
194900	 0.0273094 	 3.41643 	 4.00325 
195000	 0.0467413 	 3.44519 	 3.87969 
195100	 0.0321263 	 3.17769 	 3.69676 
195200	 0.0167494 	 2.77617 	 2.84416 
195300	 0.0246894 	 3.30866 	 3.83376 
195400	 0.0201306 	 3.0422 	 3.21039 
195500	 0.0262294 	 3.6227 	 4.07403 
195600	 0.0214256 	 3.19404 	 3.46826 
195700	 0.0376156 	 3.41741 	 3.52159 
195800	 0.0272827 	 3.70843 	 4.05711 
195900	 0.0392991 	 2.98083 	 3.4981 
196000	 0.0340232 	 3.2152 	 3.09649 
196100	 0.0259552 	 3.42452 	 4.44107 
196200	 0.0281888 	 3.46078 	 4.09323 
196300	 0.0249421 	 3.29804 	 3.58503 
196400	 0.0203387 	 3.06321 	 3.62656 
196500	 0.0324631 	 3.62058 	 4.49612 
196600	 0.0247279 	 3.25768 	 3.71816 
196700	 0.0241889 	 3.46463 	 3.46995 
196800	 0.0216567 	 3.59797 	 4.24676 
196900	 0.0245777 	 4.01834 	 4.17623 
197000	 0.030491 	 3.77635 	 4.60793 
197100	 0.0248273 	 3.34307 	 3.47607 
197200	 0.036713 	 3.50053 	 3.98379 
197300	 0.0179399 	 3.54776 	 3.5352 
197400	 0.028302 	 3.60774 	 4.38142 
197500	 0.0202678 	 3.21124 	 3.51086 
197600	 0.024772 	 2.48481 	 2.79446 
197700	 0.0276811 	 3.29705 	 3.68049 
197800	 0.0324154 	 3.0075 	 3.24499 
197900	 0.030197 	 3.2 	 3.3216 
198000	 0.0303901 	 3.64176 	 4.19146 
198100	 0.0210446 	 3.52653 	 4.10337 
198200	 0.0240568 	 3.94521 	 4.65153 
198300	 0.0262855 	 3.20388 	 3.76392 
198400	 0.0404176 	 3.07176 	 3.41461 
198500	 0.0271141 	 3.7621 	 4.3746 
198600	 0.0183548 	 2.71825 	 3.23016 
198700	 0.0335511 	 3.51067 	 3.96014 
198800	 0.0207044 	 3.72015 	 4.15371 
198900	 0.0271459 	 4.01709 	 4.01073 
199000	 0.0277769 	 3.22092 	 3.34722 
199100	 0.0371765 	 3.10713 	 3.27691 
199200	 0.0285693 	 3.45569 	 3.74545 
199300	 0.029345 	 3.29813 	 3.54672 
199400	 0.0313147 	 3.29945 	 3.87777 
199500	 0.0233329 	 3.46289 	 4.16151 
199600	 0.0251495 	 3.3286 	 3.5333 
199700	 0.0209649 	 3.45797 	 3.94127 
199800	 0.0183171 	 3.24368 	 4.00241 
199900	 0.0410574 	 3.37894 	 4.11182 
200000	 0.0348113 	 3.24821 	 4.06192 
200100	 0.0198014 	 3.35735 	 3.5177 
200200	 0.0317232 	 3.90582 	 4.54237 
200300	 0.0257076 	 3.0926 	 3.38006 
200400	 0.0168043 	 3.30782 	 3.51523 
200500	 0.0344657 	 4.09441 	 5.12797 
200600	 0.0348508 	 3.47517 	 3.66294 
200700	 0.0352801 	 2.6825 	 2.91178 
200800	 0.0603857 	 3.47866 	 4.3032 
200900	 0.0240589 	 3.82077 	 4.48625 
201000	 0.0272007 	 2.85423 	 3.13329 
201100	 0.0215242 	 3.48769 	 4.12196 
201200	 0.0383747 	 3.42635 	 4.21903 
201300	 0.0171793 	 3.42849 	 3.68212 
201400	 0.0437161 	 3.02212 	 3.21051 
201500	 0.0341251 	 3.75282 	 3.84414 
201600	 0.0227625 	 3.22836 	 3.688 
201700	 0.0195361 	 2.83983 	 3.40878 
201800	 0.0194985 	 3.47578 	 3.94412 
201900	 0.0309242 	 3.25228 	 3.38718 
202000	 0.0177734 	 3.12535 	 3.11896 
202100	 0.0194227 	 3.2015 	 3.88665 
202200	 0.0267069 	 3.26489 	 3.21805 
202300	 0.0298387 	 3.6952 	 4.38169 
202400	 0.0479322 	 3.52393 	 4.16455 
202500	 0.0364452 	 3.811 	 4.07189 
202600	 0.0254484 	 3.49855 	 3.76462 
202700	 0.0243642 	 3.06482 	 3.38146 
202800	 0.0217194 	 4.33768 	 4.11473 
202900	 0.0320753 	 2.81151 	 3.21359 
203000	 0.02989 	 3.17898 	 3.34656 
203100	 0.0221917 	 2.7131 	 2.52957 
203200	 0.0204848 	 3.59444 	 3.77741 
203300	 0.0323489 	 3.82835 	 4.4508 
203400	 0.0289636 	 3.31347 	 3.33054 
203500	 0.0272252 	 2.88427 	 3.34344 
203600	 0.0235215 	 2.66967 	 3.18734 
203700	 0.0230718 	 3.49907 	 4.15899 
203800	 0.0205788 	 2.90616 	 3.08999 
203900	 0.0191878 	 3.41025 	 4.03873 
204000	 0.0185655 	 3.16517 	 3.54376 
204100	 0.0279311 	 3.43689 	 3.74004 
204200	 0.0198535 	 3.26921 	 3.25169 
204300	 0.0175493 	 3.40609 	 3.61813 
204400	 0.0209777 	 3.78247 	 4.28011 
204500	 0.0264086 	 3.687 	 3.99933 
204600	 0.0215735 	 3.57966 	 4.23764 
204700	 0.0233336 	 3.10886 	 3.49167 
204800	 0.0191842 	 3.26289 	 3.66794 
204900	 0.0148822 	 3.01683 	 3.40878 
205000	 0.0249443 	 3.66516 	 4.34337 
205100	 0.0188193 	 2.58509 	 2.85288 
205200	 0.0393188 	 2.928 	 3.4027 
205300	 0.0313694 	 2.99713 	 2.94241 
205400	 0.0354141 	 3.40711 	 4.05321 
205500	 0.0242751 	 2.75726 	 3.14442 
205600	 0.0202665 	 3.75674 	 4.69063 
205700	 0.0376747 	 3.09897 	 3.21776 
205800	 0.0231034 	 3.17797 	 3.5133 
205900	 0.022605 	 3.14353 	 3.53224 
206000	 0.023969 	 3.43118 	 3.72925 
206100	 0.016905 	 3.37633 	 3.29269 
206200	 0.0276265 	 3.98232 	 4.66068 
206300	 0.0333239 	 2.95018 	 3.0436 
206400	 0.0223251 	 3.033 	 3.32345 
206500	 0.0265398 	 3.77114 	 4.86492 
206600	 0.0334933 	 3.29151 	 3.18867 
206700	 0.0164728 	 3.53925 	 3.92053 
206800	 0.0217386 	 2.98759 	 3.27352 
206900	 0.0224352 	 3.52733 	 3.66614 
207000	 0.0254031 	 3.35859 	 3.43435 
207100	 0.020778 	 3.10064 	 3.31593 
207200	 0.0218248 	 3.5137 	 3.75698 
207300	 0.0182994 	 3.46634 	 3.5579 
207400	 0.030423 	 3.25833 	 4.4441 
207500	 0.0257384 	 2.63777 	 2.98335 
207600	 0.0137102 	 3.28042 	 3.76444 
207700	 0.02556 	 3.62536 	 4.22161 
207800	 0.0183681 	 3.29662 	 3.9934 
207900	 0.0307444 	 3.40263 	 3.77669 
208000	 0.022776 	 3.07096 	 3.68975 
208100	 0.0322027 	 2.78759 	 3.0771 
208200	 0.028649 	 2.96999 	 3.44591 
208300	 0.0248365 	 3.36442 	 3.8932 
208400	 0.0225153 	 4.19806 	 4.70317 
208500	 0.0188056 	 2.89511 	 3.34039 
208600	 0.0160145 	 2.96967 	 3.42032 
208700	 0.0306397 	 2.47678 	 2.57486 
208800	 0.0380005 	 3.5319 	 3.70566 
208900	 0.0327368 	 4.14689 	 4.35377 
209000	 0.0430867 	 3.52313 	 3.4911 
209100	 0.0238045 	 3.45094 	 4.04714 
209200	 0.0349704 	 3.52816 	 3.61115 
209300	 0.0236059 	 3.97443 	 4.34547 
209400	 0.0232513 	 4.32626 	 4.93017 
209500	 0.0244533 	 3.30219 	 3.77557 
209600	 0.0181098 	 3.52063 	 3.88701 
209700	 0.0290728 	 3.1948 	 3.77575 
209800	 0.0331019 	 3.20518 	 3.9024 
209900	 0.0401566 	 3.611 	 4.1036 
210000	 0.0418603 	 3.65496 	 4.18408 
210100	 0.0275565 	 2.96533 	 3.18601 
210200	 0.0238665 	 3.64811 	 3.35965 
210300	 0.0213673 	 2.9739 	 3.55609 
210400	 0.0172374 	 3.16973 	 3.70122 
210500	 0.0190731 	 2.82319 	 3.49505 
210600	 0.0247791 	 3.27918 	 3.72402 
210700	 0.0193071 	 3.12191 	 3.43911 
210800	 0.0267674 	 3.12625 	 3.32993 
210900	 0.0268015 	 3.32019 	 3.9045 
211000	 0.0229816 	 3.91755 	 4.37694 
211100	 0.0165178 	 3.5591 	 4.22996 
211200	 0.0146856 	 3.19022 	 3.59305 
211300	 0.0369687 	 3.37007 	 3.43437 
211400	 0.021693 	 3.3297 	 3.51146 
211500	 0.0313491 	 3.06083 	 3.66015 
211600	 0.0256909 	 2.99672 	 3.10971 
211700	 0.0213122 	 3.01981 	 3.53351 
211800	 0.0258062 	 3.01977 	 3.2283 
211900	 0.0359911 	 3.2704 	 3.60391 
212000	 0.0198354 	 3.33625 	 4.23676 
212100	 0.03205 	 2.79797 	 3.21993 
212200	 0.0227355 	 4.06844 	 4.36686 
212300	 0.0417781 	 3.72095 	 3.91391 
212400	 0.0222786 	 3.67997 	 3.83519 
212500	 0.0208981 	 3.42915 	 3.77699 
212600	 0.0243295 	 3.26313 	 3.45487 
212700	 0.0142485 	 3.8711 	 4.66842 
212800	 0.0377021 	 3.65311 	 3.8386 
212900	 0.0281854 	 4.16868 	 4.66678 
213000	 0.0237766 	 3.27526 	 3.6336 
213100	 0.0266466 	 3.14817 	 2.99635 
213200	 0.0272039 	 3.18364 	 3.61488 
213300	 0.0202254 	 3.23224 	 3.49092 
213400	 0.0262688 	 3.073 	 2.71073 
213500	 0.0244279 	 3.47174 	 4.27551 
213600	 0.0288841 	 2.89321 	 2.91103 
213700	 0.031267 	 3.23355 	 3.24815 
213800	 0.0172448 	 3.41939 	 3.76226 
213900	 0.0219919 	 3.6252 	 4.13271 
214000	 0.0153916 	 2.69523 	 2.87766 
214100	 0.0413613 	 3.66361 	 4.2898 
214200	 0.0311883 	 3.78668 	 4.47064 
214300	 0.0224224 	 3.33486 	 3.4377 
214400	 0.0331434 	 3.33673 	 3.92969 
214500	 0.0276642 	 3.37252 	 3.69189 
214600	 0.0233436 	 3.20202 	 3.16893 
214700	 0.0217581 	 3.77907 	 3.95825 
214800	 0.0201764 	 3.44167 	 3.74788 
214900	 0.020581 	 3.53963 	 4.42602 
215000	 0.0277456 	 3.39825 	 3.41016 
215100	 0.0287894 	 3.2613 	 3.19228 
215200	 0.0209703 	 3.36271 	 3.52039 
215300	 0.0207018 	 2.81264 	 2.94225 
215400	 0.0269699 	 2.93286 	 3.43167 
215500	 0.0279133 	 3.58382 	 4.19721 
215600	 0.0304351 	 3.35697 	 3.74852 
215700	 0.0159795 	 3.42035 	 3.24444 
215800	 0.0268488 	 3.55526 	 4.24644 
215900	 0.0186845 	 3.80314 	 4.19795 
216000	 0.0294293 	 3.98997 	 4.51556 
216100	 0.0236298 	 3.13497 	 3.42024 
216200	 0.0432723 	 3.35645 	 3.51738 
216300	 0.0206281 	 3.33454 	 3.66375 
216400	 0.0278048 	 3.25355 	 3.73165 
216500	 0.0268973 	 2.90009 	 3.37721 
216600	 0.0211681 	 3.48912 	 4.1359 
216700	 0.0170677 	 3.51698 	 3.39268 
216800	 0.0380427 	 3.37089 	 3.89831 
216900	 0.0422092 	 3.23523 	 3.92011 
217000	 0.0274836 	 3.21466 	 4.07304 
217100	 0.0289043 	 3.47762 	 3.7751 
217200	 0.0223365 	 2.95943 	 3.41888 
217300	 0.0329712 	 2.97908 	 3.05873 
217400	 0.0309687 	 3.49341 	 4.01398 
217500	 0.0289531 	 3.30414 	 3.4839 
217600	 0.0314552 	 3.40187 	 3.65551 
217700	 0.0306771 	 3.2226 	 3.4824 
217800	 0.0325652 	 3.50329 	 4.78826 
217900	 0.0238374 	 4.20692 	 5.04721 
218000	 0.0267281 	 3.16847 	 3.21899 
218100	 0.031736 	 4.00469 	 4.14962 
218200	 0.0302557 	 2.98348 	 3.13786 
218300	 0.0254093 	 3.09831 	 3.24051 
218400	 0.0288295 	 3.68673 	 4.29836 
218500	 0.0343623 	 3.17984 	 3.6473 
218600	 0.020458 	 3.65139 	 3.75872 
218700	 0.0218689 	 3.26308 	 3.90168 
218800	 0.0256051 	 3.23579 	 3.67617 
218900	 0.0368461 	 3.31766 	 3.20865 
219000	 0.018773 	 3.43566 	 3.56589 
219100	 0.0156474 	 3.06764 	 3.70163 
219200	 0.0290637 	 2.88678 	 3.16571 
219300	 0.0237045 	 3.46004 	 3.47724 
219400	 0.0190733 	 3.4115 	 4.05887 
219500	 0.0183628 	 3.20341 	 3.80116 
219600	 0.020774 	 3.32347 	 3.66053 
219700	 0.0219903 	 3.84452 	 4.40802 
219800	 0.0287567 	 3.56189 	 3.60074 
219900	 0.0379582 	 3.14571 	 3.29815 
220000	 0.0561109 	 3.85893 	 4.52212 
220100	 0.0426086 	 3.05121 	 3.59007 
220200	 0.0361733 	 3.49014 	 3.95978 
220300	 0.0276265 	 3.19073 	 3.76425 
220400	 0.0268563 	 3.60631 	 4.13648 
220500	 0.0297967 	 3.37232 	 3.61984 
220600	 0.0276274 	 3.6024 	 3.6271 
220700	 0.0227527 	 2.93963 	 3.24922 
220800	 0.0162251 	 3.51535 	 3.98516 
220900	 0.0207084 	 3.42289 	 3.76066 
221000	 0.0299305 	 3.43398 	 4.07867 
221100	 0.0227479 	 2.89206 	 2.75579 
221200	 0.0182599 	 3.03473 	 3.10918 
221300	 0.020455 	 3.59708 	 3.8414 
221400	 0.0146709 	 3.27228 	 3.71549 
221500	 0.0250671 	 3.3207 	 3.94813 
221600	 0.0376802 	 3.05732 	 3.27894 
221700	 0.0297698 	 4.04994 	 4.71402 
221800	 0.0240491 	 4.13143 	 5.00239 
221900	 0.0293178 	 3.25122 	 3.4109 
222000	 0.020255 	 3.29586 	 3.81655 
222100	 0.0238171 	 2.88746 	 3.01214 
222200	 0.0326599 	 3.94346 	 4.42528 
222300	 0.0286662 	 3.75396 	 3.83337 
222400	 0.0197797 	 3.85816 	 4.35069 
222500	 0.0206608 	 3.02514 	 3.51094 
222600	 0.027932 	 3.10556 	 3.20311 
222700	 0.0197489 	 3.23718 	 3.71874 
222800	 0.0311448 	 2.81803 	 3.38357 
222900	 0.0170388 	 3.32963 	 3.84612 
223000	 0.0209856 	 3.29612 	 4.03356 
223100	 0.0182314 	 2.8201 	 3.27079 
223200	 0.0271203 	 3.24775 	 3.36212 
223300	 0.0405256 	 3.58479 	 4.55863 
223400	 0.0217396 	 3.47091 	 3.74328 
223500	 0.0264791 	 3.20974 	 3.08289 
223600	 0.0361837 	 3.30793 	 3.70598 
223700	 0.0323314 	 3.61271 	 3.9737 
223800	 0.0136109 	 3.23866 	 3.57387 
223900	 0.0238363 	 3.78766 	 4.14426 
224000	 0.0453672 	 2.82461 	 3.25697 
224100	 0.0167996 	 3.42078 	 4.17916 
224200	 0.0328899 	 3.20074 	 3.81219 
224300	 0.0134601 	 3.20733 	 3.51672 
224400	 0.0216118 	 2.63241 	 3.03533 
224500	 0.025279 	 2.92905 	 3.10336 
224600	 0.0346355 	 3.15039 	 3.83267 
224700	 0.0237618 	 3.98755 	 4.1001 
224800	 0.0242324 	 3.93807 	 4.33751 
224900	 0.031445 	 3.54637 	 3.70449 
225000	 0.0291353 	 3.60308 	 4.0785 
225100	 0.0289859 	 2.79661 	 3.08509 
225200	 0.0268533 	 3.2486 	 3.81371 
225300	 0.0324189 	 3.47407 	 3.93106 
225400	 0.022589 	 3.42119 	 4.1603 
225500	 0.0369083 	 3.52509 	 3.72784 
225600	 0.0259088 	 3.11939 	 3.26974 
225700	 0.0221997 	 3.2702 	 3.58917 
225800	 0.0336028 	 3.6189 	 3.94788 
225900	 0.0317671 	 3.04074 	 3.76582 
226000	 0.030257 	 3.62227 	 4.04747 
226100	 0.0276969 	 3.73322 	 4.56212 
226200	 0.0288091 	 3.64246 	 4.66568 
226300	 0.0237037 	 3.44353 	 4.01486 
226400	 0.0194287 	 3.63831 	 3.61936 
226500	 0.0191058 	 2.92794 	 3.32044 
226600	 0.0255009 	 3.30706 	 3.6554 
226700	 0.0244836 	 3.43865 	 3.74299 
226800	 0.0193628 	 3.03051 	 3.46567 
226900	 0.0240475 	 3.63525 	 4.50152 
227000	 0.027889 	 3.04588 	 3.21973 
227100	 0.0174992 	 3.02848 	 3.614 
227200	 0.0232429 	 3.134 	 3.59839 
227300	 0.0197902 	 2.81385 	 3.10862 
227400	 0.0293454 	 3.34174 	 3.68881 
227500	 0.0190636 	 3.30388 	 3.66446 
227600	 0.0274783 	 3.47879 	 3.86239 
227700	 0.0222362 	 3.00846 	 3.02164 
227800	 0.0211601 	 3.71982 	 4.38645 
227900	 0.0355732 	 3.73738 	 4.37133 
228000	 0.0428419 	 3.4704 	 3.82404 
228100	 0.0242811 	 3.53703 	 3.7464 
228200	 0.0237394 	 3.10852 	 3.70055 
228300	 0.0156249 	 2.89974 	 3.13844 
228400	 0.0203207 	 3.11245 	 3.09748 
228500	 0.02118 	 3.44184 	 4.02785 
228600	 0.0278827 	 3.09044 	 3.69496 
228700	 0.0221797 	 3.42979 	 3.88615 
228800	 0.0298006 	 2.96434 	 3.26502 
228900	 0.0254523 	 3.53109 	 3.93668 
229000	 0.0179233 	 3.2223 	 3.49102 
229100	 0.0209158 	 3.09947 	 3.77842 
229200	 0.0286191 	 3.1893 	 3.8074 
229300	 0.024159 	 3.41731 	 3.32437 
229400	 0.0214169 	 3.43424 	 3.76152 
229500	 0.0202597 	 3.14478 	 3.60358 
229600	 0.0142286 	 3.38433 	 3.84991 
229700	 0.023114 	 2.93006 	 3.20402 
229800	 0.0366549 	 3.44258 	 4.19732 
229900	 0.0246546 	 2.89765 	 3.38295 
230000	 0.0292324 	 3.2432 	 3.09616 
230100	 0.0288779 	 4.199 	 5.25796 
230200	 0.0294227 	 3.24897 	 3.58039 
230300	 0.0233498 	 3.65578 	 4.06288 
230400	 0.0187408 	 3.08165 	 3.12779 
230500	 0.0187162 	 4.60962 	 5.93961 
230600	 0.0268613 	 3.49746 	 3.55614 
230700	 0.0223683 	 2.68044 	 2.97099 
230800	 0.0156394 	 3.12598 	 3.47186 
230900	 0.0265316 	 3.24864 	 3.36228 
231000	 0.0240312 	 3.24485 	 3.83075 
231100	 0.0134312 	 3.32209 	 3.61586 
231200	 0.0182261 	 3.40183 	 3.73862 
231300	 0.0267487 	 3.29334 	 3.18347 
231400	 0.0157217 	 2.8703 	 3.18106 
231500	 0.0262894 	 3.36669 	 3.3687 
231600	 0.0263019 	 3.46887 	 3.98799 
231700	 0.0267694 	 3.14948 	 3.72898 
231800	 0.0240492 	 3.21235 	 3.50502 
231900	 0.0226229 	 2.97326 	 2.99615 
232000	 0.0206759 	 2.85781 	 3.41831 
232100	 0.0300246 	 3.53842 	 3.95641 
232200	 0.0378077 	 3.01892 	 2.83272 
232300	 0.0240662 	 2.82839 	 3.1316 
232400	 0.02568 	 3.14899 	 3.22161 
232500	 0.0146879 	 2.91643 	 3.24615 
232600	 0.0317209 	 3.40758 	 3.54139 
232700	 0.0287066 	 3.44794 	 4.07957 
232800	 0.0258471 	 3.23641 	 3.84146 
232900	 0.0213479 	 4.0082 	 4.283 
233000	 0.0252232 	 3.31708 	 3.64734 
233100	 0.0192475 	 3.31461 	 3.99722 
233200	 0.0327849 	 2.78373 	 3.46253 
233300	 0.0199718 	 2.9014 	 3.08851 
233400	 0.0299808 	 3.69114 	 4.44668 
233500	 0.0198804 	 3.41145 	 4.17636 
233600	 0.0218142 	 3.55899 	 3.23965 
233700	 0.0267109 	 3.33321 	 3.41289 
233800	 0.0129957 	 2.82759 	 3.27661 
233900	 0.0419707 	 3.02212 	 3.59857 
234000	 0.0210872 	 3.42561 	 3.7866 
234100	 0.0226581 	 3.10252 	 3.63728 
234200	 0.016812 	 2.99997 	 3.4099 
234300	 0.016575 	 3.03282 	 2.94616 
234400	 0.0249467 	 3.3208 	 4.33263 
234500	 0.0252125 	 3.12617 	 3.04762 
234600	 0.0223639 	 3.01493 	 3.7049 
234700	 0.0364547 	 3.4212 	 4.06832 
234800	 0.0361036 	 3.03184 	 3.43764 
234900	 0.0186246 	 2.96895 	 3.46223 
235000	 0.0368628 	 3.2659 	 4.17456 
235100	 0.0280075 	 3.67145 	 3.7407 
235200	 0.0147856 	 2.99618 	 3.22715 
235300	 0.0277853 	 3.27882 	 3.26382 
235400	 0.0218417 	 2.76484 	 2.92775 
235500	 0.0253247 	 3.36213 	 4.21637 
235600	 0.0187673 	 3.28341 	 3.55716 
235700	 0.0244274 	 2.9836 	 3.27077 
235800	 0.0478709 	 3.20511 	 3.50639 
235900	 0.0249408 	 2.9485 	 3.08274 
236000	 0.0271913 	 3.833 	 4.14239 
236100	 0.0204578 	 2.7867 	 3.12667 
236200	 0.0249908 	 3.3519 	 4.12109 
236300	 0.0173925 	 3.75193 	 4.15238 
236400	 0.0328121 	 2.89861 	 2.83311 
236500	 0.0242048 	 3.53217 	 3.50125 
236600	 0.0288069 	 3.18645 	 3.28224 
236700	 0.0210716 	 2.9537 	 3.53214 
236800	 0.0264487 	 3.90925 	 4.50447 
236900	 0.0255167 	 3.32749 	 3.85051 
237000	 0.0293599 	 3.43794 	 4.14494 
237100	 0.0323928 	 3.58455 	 4.18625 
237200	 0.0223487 	 3.4967 	 4.14685 
237300	 0.0421253 	 3.63383 	 3.32359 
237400	 0.0256701 	 3.30318 	 3.79796 
237500	 0.0181905 	 2.99307 	 3.00785 
237600	 0.0289901 	 4.606 	 5.21486 
237700	 0.0244797 	 3.56247 	 4.40358 
237800	 0.0188131 	 3.36462 	 3.83018 
237900	 0.0406512 	 3.06449 	 3.39916 
238000	 0.0260286 	 3.63312 	 3.9717 
238100	 0.0177825 	 3.36964 	 3.84275 
238200	 0.0172732 	 2.77191 	 3.34176 
238300	 0.031171 	 3.18117 	 3.15077 
238400	 0.0301919 	 2.48707 	 2.77442 
238500	 0.0282849 	 2.73435 	 2.79197 
238600	 0.0350282 	 3.54109 	 4.32284 
238700	 0.0284284 	 2.96533 	 3.32347 
238800	 0.0259793 	 3.88753 	 4.61059 
238900	 0.0265694 	 3.57171 	 3.87612 
239000	 0.0275402 	 3.56458 	 4.38192 
239100	 0.0261223 	 3.14798 	 3.40555 
239200	 0.0180411 	 3.15145 	 2.9311 
239300	 0.0166552 	 2.66746 	 2.89432 
239400	 0.0245363 	 3.01001 	 3.38443 
239500	 0.034879 	 3.59863 	 3.41407 
239600	 0.0196534 	 3.28985 	 3.42256 
239700	 0.04491 	 3.3118 	 3.3803 
239800	 0.0406388 	 4.10297 	 4.67235 
239900	 0.0204868 	 3.0686 	 3.40203 
240000	 0.0134642 	 3.08669 	 3.51521 
240100	 0.0401266 	 4.14166 	 5.3798 
240200	 0.0240666 	 3.06443 	 3.21858 
240300	 0.0157009 	 3.67346 	 3.96616 
240400	 0.0285843 	 2.91055 	 3.39519 
240500	 0.0201248 	 3.08877 	 3.47942 
240600	 0.0248745 	 3.59331 	 3.85595 
240700	 0.0393064 	 3.62663 	 4.25401 
240800	 0.0253815 	 3.69333 	 3.74302 
240900	 0.0276882 	 2.54831 	 2.87179 
241000	 0.023899 	 3.68477 	 3.97808 
241100	 0.021296 	 2.89169 	 3.52032 
241200	 0.0346502 	 4.11292 	 4.28384 
241300	 0.0346734 	 3.34881 	 4.2051 
241400	 0.0262269 	 3.28208 	 3.55792 
241500	 0.0343908 	 3.34184 	 3.69988 
241600	 0.0300478 	 3.03506 	 3.67777 
241700	 0.0146709 	 3.13936 	 3.36783 
241800	 0.0252383 	 2.87117 	 3.37834 
241900	 0.0180149 	 3.7791 	 4.61916 
242000	 0.0177101 	 3.37588 	 3.80619 
242100	 0.0186983 	 3.27752 	 3.84108 
242200	 0.0195692 	 2.84506 	 3.31709 
242300	 0.0219316 	 2.43276 	 2.85675 
242400	 0.0206377 	 4.06166 	 4.82832 
242500	 0.0213336 	 3.21451 	 3.67685 
242600	 0.0215082 	 3.67918 	 4.10033 
242700	 0.0230922 	 3.82937 	 4.54102 
242800	 0.0207534 	 3.38078 	 3.84184 
242900	 0.0256758 	 3.3662 	 3.35586 
243000	 0.0211385 	 3.12334 	 3.90803 
243100	 0.0271006 	 3.61538 	 4.5511 
243200	 0.0245124 	 3.28336 	 3.72521 
243300	 0.0154592 	 3.5019 	 3.72289 
243400	 0.0233428 	 3.6914 	 4.00655 
243500	 0.0277604 	 3.21949 	 3.96037 
243600	 0.0296866 	 2.7712 	 2.92052 
243700	 0.0270406 	 3.62939 	 4.49703 
243800	 0.0232107 	 2.89398 	 3.20317 
243900	 0.0207725 	 3.05859 	 3.08094 
244000	 0.0271067 	 4.06867 	 4.68159 
244100	 0.0413866 	 3.95975 	 4.13837 
244200	 0.0254164 	 3.3245 	 4.26131 
244300	 0.0263238 	 3.49595 	 3.83108 
244400	 0.0335912 	 3.98512 	 5.12972 
244500	 0.0256588 	 3.43189 	 2.97654 
244600	 0.0262237 	 3.70459 	 4.29747 
244700	 0.0570183 	 3.57403 	 3.61591 
244800	 0.035817 	 3.42276 	 4.03386 
244900	 0.018115 	 2.72977 	 3.00427 
245000	 0.0236899 	 3.65333 	 4.82198 
245100	 0.0203263 	 3.13881 	 3.26654 
245200	 0.0164662 	 3.28766 	 3.60149 
245300	 0.0179512 	 3.35575 	 3.97046 
245400	 0.0212522 	 3.1623 	 3.35934 
245500	 0.0216039 	 2.79639 	 3.00629 
245600	 0.0177773 	 3.88848 	 4.82602 
245700	 0.0252839 	 3.41484 	 4.15034 
245800	 0.0250654 	 3.64008 	 4.20339 
245900	 0.0176681 	 2.86201 	 3.42749 
246000	 0.0261436 	 3.02629 	 3.27596 
246100	 0.0161457 	 3.76142 	 3.92376 
246200	 0.0300784 	 3.34149 	 3.40761 
246300	 0.0264613 	 3.56639 	 4.34162 
246400	 0.0203164 	 3.11523 	 3.30688 
246500	 0.0262082 	 3.22796 	 3.8971 
246600	 0.0210963 	 3.21478 	 3.61956 
246700	 0.0238283 	 3.3226 	 3.6474 
246800	 0.0293794 	 3.2356 	 3.28435 
246900	 0.0353095 	 4.13435 	 4.8978 
247000	 0.0400782 	 4.02892 	 4.5524 
247100	 0.0327093 	 4.05807 	 4.54684 
247200	 0.0434401 	 3.59851 	 4.02228 
247300	 0.0265062 	 3.33172 	 4.34719 
247400	 0.0338129 	 2.647 	 2.79521 
247500	 0.0422942 	 3.4652 	 4.10849 
247600	 0.0177729 	 3.43699 	 3.14901 
247700	 0.0210145 	 3.29154 	 3.6222 
247800	 0.0231752 	 4.00197 	 4.24328 
247900	 0.020003 	 3.23235 	 3.70426 
248000	 0.0144233 	 2.88469 	 2.61414 
248100	 0.0360393 	 3.63907 	 3.71223 
248200	 0.024261 	 2.93729 	 3.02099 
248300	 0.0243124 	 2.79952 	 2.82969 
248400	 0.0276436 	 3.53491 	 4.56199 
248500	 0.0183891 	 3.3908 	 3.43409 
248600	 0.0185971 	 3.56041 	 3.89909 
248700	 0.0246475 	 2.99327 	 3.71708 
248800	 0.017947 	 3.00541 	 3.74973 
248900	 0.0232912 	 2.9848 	 2.86626 
249000	 0.0335066 	 4.20274 	 4.89075 
249100	 0.0275949 	 3.10302 	 3.11664 
249200	 0.0163184 	 3.43615 	 3.57226 
249300	 0.0212813 	 2.90472 	 3.33141 
249400	 0.0177238 	 2.93096 	 3.37037 
249500	 0.0224175 	 3.15632 	 3.11302 
249600	 0.0253135 	 3.4546 	 4.04147 
249700	 0.0228013 	 2.79228 	 3.1375 
249800	 0.0172434 	 3.09856 	 3.4614 
249900	 0.0241255 	 3.32698 	 3.86119 
250000	 0.0283607 	 3.47384 	 3.77732 
250100	 0.0266764 	 2.92439 	 3.30303 
250200	 0.0277119 	 3.35192 	 3.77449 
250300	 0.0384816 	 3.60666 	 3.56309 
250400	 0.0206237 	 3.90833 	 4.71554 
250500	 0.0275734 	 2.99722 	 3.14379 
250600	 0.0221534 	 3.15262 	 3.33204 
250700	 0.03497 	 3.3832 	 4.0969 
250800	 0.0244433 	 3.43698 	 3.96737 
250900	 0.0189044 	 3.71894 	 3.72498 
251000	 0.0284297 	 3.44593 	 3.92565 
251100	 0.0214062 	 3.39296 	 4.27811 
251200	 0.020215 	 3.36684 	 3.87988 
251300	 0.0316491 	 3.5563 	 3.83435 
251400	 0.0292083 	 2.87736 	 3.08261 
251500	 0.0218078 	 3.48789 	 3.59903 
251600	 0.0230203 	 3.94652 	 3.99755 
251700	 0.0220867 	 3.08334 	 3.06661 
251800	 0.0208668 	 3.14762 	 3.33324 
251900	 0.0188148 	 2.91139 	 2.91221 
252000	 0.0343431 	 3.9256 	 5.31345 
252100	 0.0294566 	 3.31529 	 3.3341 
252200	 0.022361 	 3.5652 	 4.21568 
252300	 0.0254058 	 2.33366 	 2.6265 
252400	 0.0202126 	 3.04754 	 3.27942 
252500	 0.0217208 	 3.6822 	 3.92092 
252600	 0.0211109 	 4.04867 	 4.97303 
252700	 0.0111973 	 2.63426 	 3.09441 
252800	 0.0214831 	 3.26392 	 3.42323 
252900	 0.0239189 	 3.62597 	 4.29576 
253000	 0.0266625 	 2.9566 	 3.07795 
253100	 0.0149401 	 3.20031 	 3.34279 
253200	 0.0243591 	 3.50589 	 3.99682 
253300	 0.0243722 	 3.92156 	 4.40753 
253400	 0.0217721 	 3.1398 	 3.73708 
253500	 0.0244692 	 2.79691 	 2.82546 
253600	 0.0327476 	 3.3729 	 4.0626 
253700	 0.0340688 	 3.76483 	 4.66431 
253800	 0.0225837 	 2.63511 	 2.60954 
253900	 0.0272188 	 3.7478 	 4.5343 
254000	 0.0278941 	 3.55242 	 3.61137 
254100	 0.0200632 	 4.26619 	 5.17516 
254200	 0.0240391 	 4.08837 	 5.43034 
254300	 0.0252642 	 4.29782 	 5.08439 
254400	 0.0292538 	 3.4839 	 3.95282 
254500	 0.0176547 	 4.18479 	 4.91597 
254600	 0.0144304 	 2.42584 	 2.75149 
254700	 0.0177885 	 3.63668 	 4.31458 
254800	 0.017942 	 3.2049 	 3.64504 
254900	 0.0288406 	 3.47774 	 3.70445 
255000	 0.017138 	 3.02928 	 3.29221 
255100	 0.0402129 	 2.98549 	 2.98167 
255200	 0.0222388 	 3.52149 	 4.24207 
255300	 0.0203306 	 3.30703 	 3.83404 
255400	 0.0181261 	 2.95315 	 2.89038 
255500	 0.0251695 	 2.87335 	 3.31345 
255600	 0.0187374 	 3.22457 	 3.78765 
255700	 0.0140219 	 2.91289 	 3.15133 
255800	 0.0250312 	 4.00848 	 3.63822 
255900	 0.0210475 	 2.92189 	 3.19276 
256000	 0.0316173 	 3.63054 	 3.63328 
256100	 0.0415264 	 4.2333 	 4.70917 
256200	 0.0213462 	 3.60945 	 4.19577 
256300	 0.0161063 	 3.37737 	 3.42641 
256400	 0.0297429 	 3.38311 	 3.71446 
256500	 0.0315911 	 3.24925 	 3.61046 
256600	 0.0288914 	 3.78109 	 3.92871 
256700	 0.0320425 	 3.45111 	 3.51002 
