0	 0.631073 	 -1.#IND 	 -1.#IND 
100	 0.334761 	 26.578 	 33.8897 
200	 0.22766 	 21.3272 	 23.282 
300	 0.22658 	 20.0176 	 22.137 
400	 0.231501 	 19.2377 	 22.2464 
500	 0.225671 	 18.7164 	 16.5635 
600	 0.180067 	 16.9208 	 17.5473 
700	 0.14661 	 14.4827 	 15.1601 
800	 0.18038 	 12.495 	 14.2776 
900	 0.137433 	 12.5774 	 11.3247 
1000	 0.144171 	 14.7479 	 15.1546 
1100	 0.129491 	 13.8845 	 14.1676 
1200	 0.137762 	 11.5688 	 11.532 
1300	 0.14707 	 10.9228 	 12.1182 
1400	 0.140366 	 9.78193 	 10.8152 
1500	 0.116516 	 9.84352 	 8.77841 
1600	 0.132782 	 10.0412 	 10.3699 
1700	 0.119172 	 10.0168 	 10.2382 
1800	 0.119039 	 10.8883 	 11.5874 
1900	 0.0958278 	 9.63343 	 11.6115 
2000	 0.100553 	 9.05124 	 9.80819 
2100	 0.107338 	 9.77239 	 10.7136 
2200	 0.151351 	 10.1639 	 10.8995 
2300	 0.139843 	 11.0376 	 10.3032 
2400	 0.104786 	 8.86075 	 9.67624 
2500	 0.10669 	 9.06404 	 9.25474 
2600	 0.123522 	 7.78826 	 8.80582 
2700	 0.120834 	 7.9894 	 8.86303 
2800	 0.113833 	 9.19355 	 9.80991 
2900	 0.0935817 	 8.72817 	 8.80927 
3000	 0.116002 	 7.37604 	 9.32137 
3100	 0.0973637 	 7.42908 	 8.39583 
3200	 0.080445 	 9.2958 	 9.03862 
3300	 0.100349 	 8.46197 	 7.5999 
3400	 0.0801431 	 7.98901 	 8.95794 
3500	 0.0677902 	 8.56844 	 9.26256 
3600	 0.105158 	 7.6116 	 6.84357 
3700	 0.0912232 	 9.41687 	 8.97966 
3800	 0.135949 	 7.9365 	 10.1667 
3900	 0.0917917 	 7.91585 	 6.59198 
4000	 0.113482 	 9.66712 	 10.4376 
4100	 0.0921854 	 7.86837 	 8.84125 
4200	 0.0989652 	 7.11236 	 7.79902 
4300	 0.0783699 	 8.18766 	 7.79253 
4400	 0.092144 	 8.0363 	 8.6727 
4500	 0.101977 	 7.58697 	 7.841 
4600	 0.109411 	 7.85494 	 8.07521 
4700	 0.0844475 	 6.3838 	 6.66453 
4800	 0.124107 	 6.05769 	 6.30097 
4900	 0.0769459 	 5.74959 	 5.3838 
5000	 0.09945 	 7.47281 	 8.12034 
5100	 0.0840117 	 6.89109 	 7.51483 
5200	 0.117029 	 9.47222 	 11.099 
5300	 0.125594 	 6.53928 	 7.58123 
5400	 0.0950919 	 6.59581 	 7.79619 
5500	 0.0862413 	 6.5616 	 6.56618 
5600	 0.0769183 	 5.64411 	 6.37506 
5700	 0.0793958 	 6.6526 	 6.74161 
5800	 0.0895309 	 5.58963 	 6.17804 
5900	 0.0758052 	 6.7248 	 7.3956 
6000	 0.0551155 	 8.00743 	 9.09643 
6100	 0.116443 	 6.18367 	 7.1977 
6200	 0.0783021 	 5.83853 	 6.70054 
6300	 0.094792 	 6.57468 	 6.98383 
6400	 0.0943423 	 6.71704 	 6.57851 
6500	 0.0863916 	 5.95624 	 6.79081 
6600	 0.0846003 	 7.89024 	 10.4885 
6700	 0.0802906 	 6.0813 	 6.83429 
6800	 0.0918925 	 5.44426 	 5.41901 
6900	 0.0641678 	 6.59252 	 6.79481 
7000	 0.0812434 	 6.92518 	 7.59862 
7100	 0.0746669 	 6.37098 	 7.45434 
7200	 0.0689133 	 6.92282 	 8.216 
7300	 0.0896849 	 5.37128 	 6.24933 
7400	 0.122344 	 5.80386 	 6.15909 
7500	 0.0734107 	 6.16206 	 7.0495 
7600	 0.0626161 	 5.47372 	 7.0442 
7700	 0.0926567 	 4.80133 	 5.18125 
7800	 0.0774749 	 5.30824 	 5.70402 
7900	 0.0722511 	 6.27924 	 6.25698 
8000	 0.107253 	 5.29583 	 5.52349 
8100	 0.0930994 	 5.07838 	 5.86925 
8200	 0.0957031 	 6.47532 	 6.74072 
8300	 0.0790857 	 5.53826 	 5.34867 
8400	 0.0792793 	 5.67316 	 5.48474 
8500	 0.0597885 	 5.21892 	 5.44243 
8600	 0.0813674 	 4.73106 	 4.65657 
8700	 0.0550375 	 6.0803 	 6.46233 
8800	 0.0848955 	 5.51265 	 5.29791 
8900	 0.0736548 	 5.75999 	 7.07033 
9000	 0.0608042 	 5.18235 	 5.4096 
9100	 0.0762917 	 5.04102 	 5.59366 
9200	 0.0719229 	 5.0225 	 5.3173 
9300	 0.0746495 	 6.34263 	 6.90411 
9400	 0.097458 	 5.93397 	 6.10238 
9500	 0.0899835 	 6.48339 	 7.31105 
9600	 0.0761789 	 5.36055 	 6.39298 
9700	 0.073229 	 5.91342 	 6.77678 
9800	 0.0833015 	 5.57524 	 6.04757 
9900	 0.0801092 	 5.66733 	 7.03951 
10000	 0.0689498 	 5.23693 	 5.66226 
10100	 0.0907675 	 5.68866 	 5.18962 
10200	 0.0623207 	 5.61967 	 5.73376 
10300	 0.0597124 	 5.12119 	 5.93223 
10400	 0.0515507 	 5.43746 	 6.57868 
10500	 0.0661858 	 5.01431 	 5.13192 
10600	 0.0745877 	 5.56319 	 5.70818 
10700	 0.0534302 	 4.95982 	 5.7944 
10800	 0.0587143 	 5.79658 	 5.99088 
10900	 0.0695458 	 4.46402 	 5.17489 
11000	 0.0848875 	 5.29429 	 6.10351 
11100	 0.0801797 	 7.03377 	 8.61338 
11200	 0.0691326 	 5.33458 	 5.42738 
11300	 0.0759479 	 5.2072 	 6.5991 
11400	 0.0621709 	 6.34393 	 7.13192 
11500	 0.0933491 	 4.48944 	 4.9562 
11600	 0.0628771 	 5.67236 	 6.09217 
11700	 0.0701512 	 5.78328 	 6.72659 
11800	 0.0534838 	 4.75119 	 5.31151 
11900	 0.101271 	 5.19444 	 6.06811 
12000	 0.0760957 	 5.97166 	 7.14918 
12100	 0.0740287 	 5.30353 	 5.93615 
12200	 0.0611002 	 5.94217 	 6.7451 
12300	 0.0490238 	 5.21385 	 6.04431 
12400	 0.0817502 	 4.62192 	 5.33219 
12500	 0.0473076 	 5.13766 	 5.93581 
12600	 0.0773845 	 4.58024 	 4.96235 
12700	 0.0674246 	 5.05601 	 5.15639 
12800	 0.071227 	 5.11582 	 6.00462 
12900	 0.0560591 	 4.46253 	 4.84898 
13000	 0.0680358 	 5.1355 	 5.94902 
13100	 0.0686646 	 4.54261 	 5.18761 
13200	 0.0754516 	 4.75184 	 5.61662 
13300	 0.0773818 	 5.15247 	 6.09149 
13400	 0.0553963 	 5.56103 	 6.51022 
13500	 0.0848162 	 4.87011 	 5.56892 
13600	 0.0485508 	 4.59446 	 4.44388 
13700	 0.0835112 	 4.9115 	 4.99188 
13800	 0.0663544 	 5.13717 	 5.24627 
13900	 0.0663131 	 4.78903 	 5.23538 
14000	 0.0472974 	 4.45219 	 5.5729 
14100	 0.0599258 	 4.71139 	 5.4479 
14200	 0.0470108 	 4.47095 	 4.71565 
14300	 0.0533383 	 5.09216 	 5.65534 
14400	 0.0475595 	 4.74925 	 5.21031 
14500	 0.0633122 	 4.94567 	 5.58449 
14600	 0.0513222 	 4.51383 	 5.24949 
14700	 0.0654266 	 5.98917 	 6.2983 
14800	 0.0537065 	 5.3694 	 6.70954 
14900	 0.0686035 	 5.23368 	 6.4679 
15000	 0.0779012 	 4.76366 	 5.23067 
15100	 0.0471335 	 5.2396 	 6.25341 
15200	 0.0548504 	 4.28028 	 4.66951 
15300	 0.0649854 	 4.15168 	 4.79388 
15400	 0.0505505 	 5.32077 	 6.05 
15500	 0.0665508 	 4.71406 	 5.39012 
15600	 0.0584275 	 4.14956 	 4.41205 
15700	 0.0720687 	 5.14413 	 5.49235 
15800	 0.0617349 	 5.85579 	 5.84877 
15900	 0.0518396 	 5.30151 	 5.40088 
16000	 0.0469059 	 4.56212 	 5.63751 
16100	 0.0718995 	 6.19769 	 6.85451 
16200	 0.0712097 	 4.54404 	 5.33936 
16300	 0.0427334 	 5.18541 	 6.11805 
16400	 0.0506753 	 5.84128 	 6.30953 
16500	 0.055935 	 4.83388 	 5.51681 
16600	 0.0504041 	 3.95759 	 4.75938 
16700	 0.0407615 	 4.3771 	 4.70216 
16800	 0.0515061 	 4.39153 	 4.95894 
16900	 0.0455737 	 4.85721 	 5.27675 
17000	 0.0629184 	 4.24404 	 4.39378 
17100	 0.044497 	 4.39467 	 5.47587 
17200	 0.0567545 	 4.79778 	 5.26328 
17300	 0.075424 	 4.1787 	 5.21481 
17400	 0.0697031 	 4.64675 	 4.50254 
17500	 0.0695231 	 5.29432 	 6.24707 
17600	 0.0576698 	 4.07434 	 4.45142 
17700	 0.0661172 	 4.65877 	 5.2844 
17800	 0.06951 	 5.1611 	 5.86589 
17900	 0.0469596 	 4.81599 	 5.02179 
18000	 0.0680405 	 5.22912 	 5.48915 
18100	 0.0502319 	 5.12604 	 5.92882 
18200	 0.0518308 	 4.23165 	 4.43489 
18300	 0.0764358 	 5.09321 	 6.01718 
18400	 0.0635474 	 4.255 	 4.59774 
18500	 0.06034 	 4.62824 	 5.43042 
18600	 0.0393265 	 5.54578 	 6.47269 
18700	 0.0767864 	 4.12079 	 4.63438 
18800	 0.0457121 	 4.40287 	 4.87744 
18900	 0.0627285 	 5.40861 	 5.48388 
19000	 0.0468122 	 4.90906 	 6.186 
19100	 0.0585892 	 4.1613 	 4.47981 
19200	 0.0598612 	 4.75542 	 5.69548 
19300	 0.0791901 	 5.21327 	 5.35637 
19400	 0.0570699 	 5.05899 	 6.59971 
19500	 0.0443774 	 5.14189 	 5.75261 
19600	 0.0587924 	 5.30563 	 5.8679 
19700	 0.0480429 	 4.47823 	 5.0092 
19800	 0.0444058 	 3.93965 	 4.51797 
19900	 0.0631448 	 4.31546 	 4.48959 
20000	 0.044676 	 4.74503 	 5.1287 
20100	 0.0725639 	 3.83434 	 4.08168 
20200	 0.05596 	 4.76714 	 5.07903 
20300	 0.0436218 	 4.98061 	 5.87059 
20400	 0.0621884 	 4.49561 	 5.36202 
20500	 0.0820642 	 5.71717 	 6.33047 
20600	 0.0481782 	 4.37504 	 4.12437 
20700	 0.0441817 	 4.66204 	 4.97734 
20800	 0.0537501 	 4.64943 	 5.60606 
20900	 0.0596183 	 5.03939 	 5.12513 
21000	 0.0678707 	 3.69132 	 3.71774 
21100	 0.0374714 	 4.21692 	 4.83275 
21200	 0.0448969 	 4.61459 	 5.14927 
21300	 0.0336209 	 5.36581 	 5.89257 
21400	 0.0689325 	 3.80107 	 4.58415 
21500	 0.0661022 	 3.95743 	 4.38302 
21600	 0.0457528 	 4.12318 	 4.1645 
21700	 0.078497 	 4.63465 	 5.3664 
21800	 0.0344713 	 3.68318 	 4.47617 
21900	 0.0321099 	 4.16385 	 4.79956 
22000	 0.0643294 	 3.84066 	 4.18889 
22100	 0.0492144 	 3.84879 	 4.49957 
22200	 0.0565966 	 4.94693 	 5.55346 
22300	 0.0459755 	 4.77448 	 5.19045 
22400	 0.0475724 	 4.11164 	 4.63131 
22500	 0.0472093 	 4.31845 	 4.64223 
22600	 0.0426264 	 4.22824 	 4.73616 
22700	 0.0502758 	 4.21352 	 4.358 
22800	 0.0425987 	 5.06667 	 5.94327 
22900	 0.0660022 	 4.06339 	 4.41114 
23000	 0.0660386 	 4.66385 	 4.97966 
23100	 0.0449468 	 4.10491 	 4.12544 
23200	 0.0381827 	 4.57771 	 5.27439 
23300	 0.0414881 	 5.47065 	 5.42462 
23400	 0.064381 	 3.93516 	 4.14924 
23500	 0.0604188 	 4.24886 	 4.88693 
23600	 0.0572999 	 5.14502 	 5.9618 
23700	 0.0361368 	 5.01473 	 5.52752 
23800	 0.053442 	 4.22688 	 4.06138 
23900	 0.0579297 	 4.12351 	 4.07471 
24000	 0.0502825 	 3.86674 	 3.85171 
24100	 0.0631662 	 4.16691 	 4.33646 
24200	 0.0352229 	 3.63179 	 3.7472 
24300	 0.0735326 	 3.82956 	 4.58727 
24400	 0.0338355 	 4.73485 	 5.45168 
24500	 0.0537943 	 4.68977 	 4.87531 
24600	 0.0586038 	 4.14451 	 4.55941 
24700	 0.0389501 	 3.84652 	 4.96735 
24800	 0.0588379 	 4.76608 	 5.52328 
24900	 0.0385724 	 4.46449 	 4.87528 
25000	 0.0578005 	 4.83401 	 5.28521 
25100	 0.0445875 	 4.16097 	 4.79885 
25200	 0.0307866 	 4.03989 	 4.57108 
25300	 0.0464113 	 4.41052 	 4.78778 
25400	 0.042611 	 3.46225 	 3.39725 
25500	 0.0652641 	 4.80188 	 5.50543 
25600	 0.0470704 	 4.17087 	 5.03522 
25700	 0.0475738 	 4.07507 	 4.45882 
25800	 0.0564196 	 4.67 	 4.81678 
25900	 0.0655803 	 3.95321 	 4.07765 
26000	 0.0648966 	 4.68199 	 4.90036 
26100	 0.0508665 	 4.452 	 5.22319 
26200	 0.0416973 	 4.53171 	 5.10255 
26300	 0.0500121 	 4.00609 	 4.58806 
26400	 0.0377749 	 3.99726 	 4.39367 
26500	 0.0353038 	 4.50969 	 4.69886 
26600	 0.0661743 	 3.91851 	 4.06035 
26700	 0.0561804 	 4.59449 	 4.59837 
26800	 0.0386611 	 5.04451 	 4.97707 
26900	 0.0466543 	 3.93068 	 4.12079 
27000	 0.0615185 	 3.85603 	 4.87508 
27100	 0.0560158 	 3.08455 	 3.11138 
27200	 0.0507623 	 4.34945 	 4.70983 
27300	 0.0339562 	 4.10494 	 5.00356 
27400	 0.0591972 	 4.83692 	 5.02307 
27500	 0.0473223 	 4.32255 	 5.34944 
27600	 0.031365 	 4.23884 	 4.27896 
27700	 0.0531395 	 4.72349 	 5.7873 
27800	 0.0511639 	 4.38937 	 4.48764 
27900	 0.0452889 	 4.47534 	 4.3681 
28000	 0.0697608 	 4.82005 	 5.47376 
28100	 0.0541195 	 4.66173 	 5.96982 
28200	 0.0308497 	 4.14813 	 4.51074 
28300	 0.051982 	 3.92721 	 4.60611 
28400	 0.0407365 	 3.62182 	 3.75887 
28500	 0.0328583 	 4.0482 	 4.19458 
28600	 0.0358573 	 3.43152 	 2.81345 
28700	 0.039117 	 3.47477 	 3.971 
28800	 0.0502322 	 4.2599 	 4.92011 
28900	 0.0481579 	 4.04297 	 4.74659 
29000	 0.0400572 	 3.74111 	 3.92173 
29100	 0.0272481 	 4.11836 	 4.95993 
29200	 0.0421838 	 4.31551 	 4.57861 
29300	 0.0557498 	 3.91061 	 4.30876 
29400	 0.0408597 	 3.8875 	 3.98307 
29500	 0.0606045 	 3.79199 	 3.86496 
29600	 0.0706117 	 4.01076 	 4.51182 
29700	 0.0455257 	 4.95661 	 6.34241 
29800	 0.0521787 	 4.09314 	 4.5352 
29900	 0.046849 	 4.03279 	 4.6208 
30000	 0.0524396 	 3.89626 	 4.37206 
30100	 0.0290752 	 4.71499 	 4.64367 
30200	 0.0351989 	 4.49656 	 4.75695 
30300	 0.0377263 	 4.09464 	 4.42649 
30400	 0.0332859 	 4.36029 	 5.0521 
30500	 0.0359156 	 3.87229 	 3.92044 
30600	 0.0517725 	 4.82493 	 5.6408 
30700	 0.0517165 	 3.85035 	 4.2252 
30800	 0.0314846 	 3.76605 	 3.8522 
30900	 0.0425806 	 4.38869 	 5.77679 
31000	 0.0433732 	 5.16496 	 6.06725 
31100	 0.0484387 	 4.81604 	 5.53732 
31200	 0.0350907 	 4.15349 	 4.74915 
31300	 0.0476475 	 3.2929 	 3.31325 
31400	 0.0547374 	 3.52093 	 3.86676 
31500	 0.0743791 	 5.22096 	 5.9888 
31600	 0.0541216 	 4.64159 	 5.04636 
31700	 0.0515876 	 4.78358 	 4.53926 
31800	 0.0475464 	 3.90243 	 4.08638 
31900	 0.0384286 	 3.83797 	 4.42784 
32000	 0.0334642 	 3.61056 	 4.23263 
32100	 0.0622606 	 3.88263 	 4.25868 
32200	 0.0412746 	 4.208 	 5.10932 
32300	 0.0481256 	 4.96707 	 5.37752 
32400	 0.0267825 	 4.30387 	 4.30034 
32500	 0.0417451 	 4.40112 	 4.93024 
32600	 0.036106 	 4.72718 	 5.04194 
32700	 0.0686682 	 4.80336 	 5.24852 
32800	 0.0341321 	 3.97721 	 4.37059 
32900	 0.0478394 	 5.64543 	 7.53122 
33000	 0.0692143 	 3.76881 	 4.45621 
33100	 0.0386065 	 3.65412 	 4.33403 
33200	 0.0463797 	 3.9744 	 4.39418 
33300	 0.0376058 	 3.81888 	 3.69298 
33400	 0.0408013 	 4.0027 	 4.54488 
33500	 0.050222 	 3.94287 	 4.68095 
33600	 0.0480665 	 4.07305 	 4.94979 
33700	 0.0352226 	 4.18385 	 4.75703 
33800	 0.0560965 	 4.07885 	 5.03419 
33900	 0.033602 	 3.93615 	 5.02645 
34000	 0.0581023 	 4.25828 	 5.08289 
34100	 0.0524953 	 3.39423 	 3.46144 
34200	 0.045878 	 4.87816 	 5.64951 
34300	 0.0326488 	 3.52451 	 3.60094 
34400	 0.0537849 	 3.70783 	 4.43549 
34500	 0.0369541 	 3.63431 	 4.14358 
34600	 0.0307583 	 4.52049 	 5.36988 
34700	 0.0480287 	 3.58758 	 3.75518 
34800	 0.0394932 	 4.17846 	 4.26469 
34900	 0.0401818 	 3.82522 	 4.51318 
35000	 0.041552 	 3.31608 	 4.12314 
35100	 0.0393744 	 4.0811 	 3.7236 
35200	 0.0339146 	 3.01371 	 3.71299 
35300	 0.0602293 	 3.78687 	 4.34164 
35400	 0.0319038 	 3.79651 	 4.72823 
35500	 0.0440262 	 3.7181 	 4.21964 
35600	 0.0400112 	 3.58219 	 3.66708 
35700	 0.0509695 	 3.58851 	 4.16626 
35800	 0.0305131 	 4.54784 	 4.75663 
35900	 0.0402844 	 4.10294 	 4.47669 
36000	 0.038529 	 4.67366 	 5.27523 
36100	 0.0238697 	 4.6031 	 4.91808 
36200	 0.0277046 	 3.83454 	 4.28336 
36300	 0.0358431 	 4.54483 	 4.95655 
36400	 0.0445401 	 4.04507 	 4.61367 
36500	 0.0475208 	 4.4249 	 5.02037 
36600	 0.0421569 	 4.4262 	 4.72274 
36700	 0.0469228 	 4.21984 	 4.30092 
36800	 0.0333299 	 4.15325 	 5.10624 
36900	 0.0256124 	 4.00633 	 4.68976 
37000	 0.0329407 	 3.92067 	 4.53844 
37100	 0.0715952 	 4.34349 	 4.96471 
37200	 0.0471525 	 4.11173 	 4.72058 
37300	 0.049414 	 4.06334 	 3.77628 
37400	 0.0328415 	 4.15561 	 4.9478 
37500	 0.0463993 	 4.79521 	 5.82789 
37600	 0.0387049 	 3.64761 	 3.94753 
37700	 0.0401825 	 4.10109 	 4.73766 
37800	 0.0380656 	 4.52701 	 4.80146 
37900	 0.0601446 	 3.98347 	 4.74674 
38000	 0.0431996 	 3.76078 	 4.29171 
38100	 0.0365143 	 3.86447 	 3.97196 
38200	 0.0475681 	 3.91819 	 4.91424 
38300	 0.0433745 	 4.05942 	 4.74404 
38400	 0.04254 	 3.62735 	 3.74066 
38500	 0.0417915 	 3.16969 	 3.11272 
38600	 0.0506699 	 3.80586 	 4.6141 
38700	 0.0383428 	 4.17467 	 5.21511 
38800	 0.0339598 	 4.16452 	 4.04418 
38900	 0.0404124 	 4.1206 	 4.91953 
39000	 0.0472995 	 3.71902 	 3.45817 
39100	 0.0395717 	 3.28832 	 3.28032 
39200	 0.038558 	 3.57943 	 3.81223 
39300	 0.0511222 	 3.91584 	 3.83016 
39400	 0.0416733 	 4.2173 	 4.67518 
39500	 0.0413036 	 3.75081 	 4.21268 
39600	 0.0448326 	 4.43705 	 5.47643 
39700	 0.0544396 	 3.6679 	 4.04135 
39800	 0.050006 	 4.09152 	 4.865 
39900	 0.0427836 	 4.17825 	 4.15622 
40000	 0.0529722 	 4.13137 	 4.85485 
40100	 0.0515677 	 4.61135 	 5.5614 
40200	 0.0675546 	 3.70613 	 4.18326 
40300	 0.0548075 	 3.4478 	 3.46317 
40400	 0.0347031 	 4.50214 	 4.54801 
40500	 0.0368126 	 4.14872 	 4.68119 
40600	 0.056358 	 4.58159 	 5.48244 
40700	 0.0417068 	 3.16052 	 3.57253 
40800	 0.0351608 	 4.23316 	 4.415 
40900	 0.0258774 	 3.93632 	 4.37926 
41000	 0.0561114 	 4.27758 	 4.60804 
41100	 0.0434143 	 4.02787 	 4.47739 
41200	 0.0403185 	 3.99781 	 4.27537 
41300	 0.0356348 	 4.28522 	 5.34185 
41400	 0.0485896 	 2.89375 	 3.40008 
41500	 0.0374935 	 3.70932 	 3.95392 
41600	 0.0406529 	 4.50933 	 5.54857 
41700	 0.0369386 	 3.80966 	 4.0212 
41800	 0.0531706 	 4.24788 	 4.84764 
41900	 0.0471219 	 3.89059 	 4.62292 
42000	 0.0464912 	 3.48952 	 3.88447 
42100	 0.0421238 	 4.2766 	 4.78642 
42200	 0.0314104 	 4.63947 	 5.46945 
42300	 0.0369978 	 3.7334 	 4.38245 
42400	 0.0491109 	 3.99755 	 4.35376 
42500	 0.0405657 	 3.75264 	 4.016 
42600	 0.0320451 	 4.38216 	 4.64689 
42700	 0.042446 	 3.94915 	 4.28929 
42800	 0.0389986 	 4.1576 	 4.12517 
42900	 0.0320766 	 3.80723 	 4.20642 
43000	 0.0424386 	 3.8139 	 3.93628 
43100	 0.0446122 	 4.20106 	 4.58853 
43200	 0.0417489 	 3.50086 	 4.36346 
43300	 0.0420213 	 3.24082 	 3.78509 
43400	 0.0296645 	 4.12511 	 4.48502 
43500	 0.0256674 	 3.6715 	 4.30377 
43600	 0.0404124 	 3.98571 	 4.20405 
43700	 0.0562033 	 3.07554 	 3.32092 
43800	 0.0450415 	 3.75082 	 4.0971 
43900	 0.0373353 	 3.89901 	 4.59661 
44000	 0.0491667 	 3.35111 	 3.73171 
44100	 0.0410509 	 3.89877 	 4.16346 
44200	 0.0460056 	 3.10541 	 3.25928 
44300	 0.0331263 	 3.84347 	 4.26584 
44400	 0.0437385 	 3.90707 	 3.55313 
44500	 0.0470438 	 3.9097 	 4.20262 
44600	 0.0311469 	 4.03024 	 4.63112 
44700	 0.0689007 	 3.93132 	 4.82565 
44800	 0.0492416 	 3.93689 	 4.40168 
44900	 0.0346683 	 4.05048 	 4.73834 
45000	 0.064826 	 3.72717 	 4.03096 
45100	 0.0335301 	 4.28862 	 4.42412 
45200	 0.0315937 	 3.80152 	 4.69791 
45300	 0.0449394 	 3.34074 	 4.06666 
45400	 0.0491018 	 3.61334 	 4.37332 
45500	 0.0333129 	 3.75512 	 4.1699 
45600	 0.0460531 	 4.09688 	 4.82485 
45700	 0.0390642 	 3.3764 	 3.78027 
45800	 0.0444286 	 3.31219 	 3.52311 
45900	 0.0405687 	 3.67552 	 3.75786 
46000	 0.0321068 	 3.5304 	 3.27138 
46100	 0.0474857 	 4.34315 	 5.17245 
46200	 0.0359255 	 3.85498 	 4.25145 
46300	 0.0433558 	 3.6499 	 3.95855 
46400	 0.0411052 	 3.89233 	 4.15318 
46500	 0.0298553 	 4.8342 	 5.3565 
46600	 0.0339424 	 4.1121 	 4.67911 
46700	 0.0468235 	 3.85453 	 4.55496 
46800	 0.034054 	 4.27514 	 4.55658 
46900	 0.0308112 	 3.35667 	 3.92172 
47000	 0.0323116 	 4.06128 	 4.14136 
47100	 0.0230951 	 3.62772 	 3.76911 
47200	 0.0322012 	 3.74024 	 3.56317 
47300	 0.0242569 	 4.39342 	 5.40806 
47400	 0.0402374 	 3.79569 	 4.67977 
47500	 0.0369589 	 3.3384 	 3.97691 
47600	 0.0468145 	 3.75227 	 3.56464 
47700	 0.0276076 	 3.31735 	 3.52108 
47800	 0.0387909 	 3.78351 	 3.73417 
47900	 0.026974 	 3.10485 	 3.427 
48000	 0.0321631 	 3.45552 	 3.56239 
48100	 0.0496113 	 3.47378 	 3.78865 
48200	 0.05644 	 4.70364 	 5.51512 
48300	 0.0274988 	 3.00923 	 2.98297 
48400	 0.0399041 	 3.53696 	 3.75068 
48500	 0.0586791 	 4.09779 	 4.56131 
48600	 0.0370396 	 3.74572 	 4.05874 
48700	 0.0355466 	 3.93575 	 4.85045 
48800	 0.0523068 	 3.06686 	 3.69972 
48900	 0.027641 	 4.10715 	 4.38326 
49000	 0.0390458 	 3.95931 	 4.29974 
49100	 0.0418212 	 3.87062 	 4.52053 
49200	 0.0301613 	 4.57486 	 6.01923 
49300	 0.0410503 	 3.62231 	 4.00493 
49400	 0.0454725 	 3.61179 	 4.17383 
49500	 0.0217885 	 4.0557 	 4.49381 
49600	 0.0387803 	 4.1474 	 4.76493 
49700	 0.0386312 	 3.65902 	 4.39938 
49800	 0.0425456 	 3.28374 	 3.6831 
49900	 0.0283785 	 3.75934 	 4.11023 
50000	 0.0369493 	 4.96372 	 5.83785 
50100	 0.0384139 	 4.20113 	 4.03928 
50200	 0.0287558 	 4.29772 	 4.64152 
50300	 0.0345536 	 3.78027 	 5.12738 
50400	 0.0357098 	 3.0647 	 3.3478 
50500	 0.0305694 	 3.29859 	 3.68695 
50600	 0.0374961 	 3.75098 	 4.10226 
50700	 0.0378903 	 3.41399 	 3.63324 
50800	 0.0305839 	 3.7178 	 4.37271 
50900	 0.0328103 	 3.22331 	 3.37505 
51000	 0.0247582 	 4.70508 	 5.76528 
51100	 0.0452861 	 3.24063 	 3.65415 
51200	 0.0214537 	 3.66493 	 4.0294 
51300	 0.0293767 	 3.31369 	 3.82886 
51400	 0.0256993 	 3.57516 	 3.43456 
51500	 0.0421426 	 3.91379 	 4.15414 
51600	 0.0340204 	 3.97253 	 5.35412 
51700	 0.0410974 	 4.00518 	 4.52448 
51800	 0.028077 	 3.68577 	 4.76197 
51900	 0.0431053 	 4.08593 	 4.2597 
52000	 0.0338085 	 3.59075 	 3.93866 
52100	 0.055902 	 3.5479 	 4.01594 
52200	 0.0420445 	 4.30659 	 4.62997 
52300	 0.0416998 	 3.91078 	 4.41354 
52400	 0.0408549 	 3.91567 	 4.36483 
52500	 0.0352256 	 3.62278 	 3.79668 
52600	 0.0285028 	 3.45189 	 3.73813 
52700	 0.023717 	 3.26073 	 3.67794 
52800	 0.055883 	 3.43602 	 3.90178 
52900	 0.0520733 	 3.91107 	 4.46245 
53000	 0.0639983 	 3.57239 	 3.61678 
53100	 0.0319389 	 3.35461 	 4.14694 
53200	 0.0371657 	 3.18943 	 3.29991 
53300	 0.0271286 	 3.75958 	 3.95195 
53400	 0.0474402 	 3.87748 	 3.88833 
53500	 0.0228345 	 4.32823 	 5.91264 
53600	 0.0458149 	 3.32152 	 3.76494 
53700	 0.0478498 	 3.79434 	 4.00118 
53800	 0.0304241 	 3.61896 	 3.7236 
53900	 0.0371106 	 3.44706 	 3.89207 
54000	 0.0498515 	 3.62404 	 4.22452 
54100	 0.0282219 	 3.70781 	 4.46302 
54200	 0.0450941 	 3.21284 	 3.31824 
54300	 0.0333467 	 3.1701 	 3.53244 
54400	 0.0329826 	 3.87652 	 4.30493 
54500	 0.0532368 	 3.89921 	 3.14109 
54600	 0.0371382 	 3.1375 	 3.39856 
54700	 0.0344431 	 3.48258 	 3.3481 
54800	 0.0323027 	 2.99247 	 3.1277 
54900	 0.0243732 	 3.32428 	 3.60211 
55000	 0.0390497 	 2.65655 	 2.61566 
55100	 0.0373101 	 3.51605 	 3.95979 
55200	 0.0427689 	 3.36367 	 3.98333 
55300	 0.0310345 	 3.34174 	 3.57856 
55400	 0.026289 	 3.80138 	 4.52248 
55500	 0.0390262 	 4.22732 	 4.88732 
55600	 0.0330856 	 3.36626 	 3.7548 
55700	 0.0577339 	 3.86544 	 4.0928 
55800	 0.035872 	 3.66897 	 4.09276 
55900	 0.0408778 	 4.01602 	 4.47384 
56000	 0.0457548 	 3.96742 	 4.83218 
56100	 0.0255479 	 2.91442 	 2.73599 
56200	 0.0313502 	 3.45783 	 3.65655 
56300	 0.0574555 	 3.83269 	 4.16789 
56400	 0.0345834 	 3.11888 	 3.52713 
56500	 0.0491205 	 3.86193 	 3.98886 
56600	 0.0627482 	 4.10913 	 4.00696 
56700	 0.0445872 	 3.13457 	 3.62429 
56800	 0.0462892 	 3.66931 	 3.47876 
56900	 0.0346666 	 3.172 	 3.71229 
57000	 0.0272403 	 3.16126 	 3.73608 
57100	 0.0288156 	 4.84079 	 5.58083 
57200	 0.0303691 	 3.83328 	 4.61681 
57300	 0.0448545 	 3.31665 	 3.73343 
57400	 0.0279718 	 3.85984 	 4.47859 
57500	 0.0532879 	 4.02726 	 5.00235 
57600	 0.0467218 	 4.39417 	 5.33729 
57700	 0.0322325 	 4.27727 	 4.818 
57800	 0.0441881 	 3.81485 	 4.28218 
57900	 0.0264746 	 4.27984 	 5.14445 
58000	 0.0264664 	 3.37985 	 4.06608 
58100	 0.0293425 	 3.79622 	 4.05432 
58200	 0.0437356 	 3.14306 	 3.14195 
58300	 0.0331582 	 3.52537 	 4.06393 
58400	 0.0296196 	 3.18594 	 3.31956 
58500	 0.0358483 	 3.63834 	 4.27361 
58600	 0.0292915 	 3.57942 	 4.03817 
58700	 0.0346944 	 4.22441 	 4.34804 
58800	 0.0357054 	 3.73498 	 3.70445 
58900	 0.0426299 	 3.59297 	 4.10727 
59000	 0.0346817 	 3.28565 	 3.39794 
59100	 0.034025 	 4.1004 	 4.87885 
59200	 0.0467514 	 3.80251 	 4.27642 
59300	 0.0225597 	 2.79757 	 2.49144 
59400	 0.0588148 	 4.23365 	 4.32924 
59500	 0.0224242 	 3.6476 	 4.36236 
59600	 0.0381203 	 3.30053 	 3.85093 
59700	 0.030512 	 3.92962 	 4.04783 
59800	 0.0278304 	 4.24614 	 4.59385 
59900	 0.0317745 	 3.27397 	 3.71843 
60000	 0.0330876 	 3.84401 	 4.49953 
60100	 0.0422849 	 3.67869 	 4.14663 
60200	 0.0382588 	 3.98481 	 4.54021 
60300	 0.0319669 	 3.2298 	 3.65613 
60400	 0.0423792 	 3.61824 	 4.02989 
60500	 0.0408823 	 3.69027 	 3.98696 
60600	 0.0439389 	 4.06309 	 3.98551 
60700	 0.0296247 	 3.09771 	 3.21051 
60800	 0.0383395 	 3.31031 	 3.53329 
60900	 0.0372792 	 3.79134 	 4.0257 
61000	 0.0572016 	 3.11566 	 3.54624 
61100	 0.0495026 	 3.24547 	 3.25752 
61200	 0.0355713 	 2.77229 	 2.83865 
61300	 0.0319594 	 3.29332 	 4.06199 
61400	 0.0375062 	 3.7805 	 4.20189 
61500	 0.0446191 	 3.24056 	 3.71883 
61600	 0.0286955 	 3.11224 	 3.15982 
61700	 0.0382188 	 3.91017 	 4.4489 
61800	 0.0526139 	 3.52355 	 4.02364 
61900	 0.0410998 	 3.49841 	 4.1165 
62000	 0.0262955 	 3.93908 	 5.12352 
62100	 0.0268564 	 3.38387 	 3.28612 
62200	 0.0377209 	 3.41803 	 3.66777 
62300	 0.0228512 	 3.48587 	 3.82821 
62400	 0.0281704 	 3.84052 	 3.91693 
62500	 0.0218602 	 3.96703 	 4.38809 
62600	 0.0235818 	 3.833 	 4.3589 
62700	 0.0450343 	 3.03612 	 3.33473 
62800	 0.0310059 	 3.55939 	 3.43053 
62900	 0.0446201 	 2.72827 	 2.98481 
63000	 0.0322881 	 3.63183 	 4.38265 
63100	 0.0414165 	 3.93561 	 4.45984 
63200	 0.0352535 	 3.53768 	 3.74537 
63300	 0.0377904 	 3.72672 	 4.73073 
63400	 0.0209602 	 3.21542 	 3.37164 
63500	 0.0230659 	 2.63019 	 2.74617 
63600	 0.021475 	 2.57548 	 3.1547 
63700	 0.0368316 	 3.22024 	 3.49193 
63800	 0.0381102 	 3.3474 	 3.17437 
63900	 0.0266147 	 4.33809 	 5.18609 
64000	 0.0436487 	 3.50208 	 3.64696 
64100	 0.058292 	 4.18938 	 4.79376 
64200	 0.0293109 	 3.5584 	 4.09704 
64300	 0.0326656 	 3.41978 	 3.69695 
64400	 0.0399616 	 3.33323 	 3.76974 
64500	 0.0374061 	 3.57057 	 3.99802 
64600	 0.0458435 	 4.11907 	 4.56767 
64700	 0.0371394 	 4.12469 	 4.94675 
64800	 0.040412 	 3.87605 	 4.47785 
64900	 0.0424382 	 3.9664 	 4.41303 
65000	 0.0294599 	 3.61488 	 4.06101 
65100	 0.0563129 	 3.48213 	 4.43456 
65200	 0.0395882 	 3.90174 	 4.62163 
65300	 0.0338172 	 3.28552 	 3.91767 
65400	 0.0370816 	 5.19595 	 6.54744 
65500	 0.0320594 	 4.29406 	 5.54717 
65600	 0.0304185 	 3.32662 	 3.94783 
65700	 0.0385974 	 3.76146 	 4.23439 
65800	 0.0293702 	 3.42578 	 4.38023 
65900	 0.0392922 	 3.33438 	 3.92762 
66000	 0.0686015 	 2.95085 	 3.04056 
66100	 0.0332821 	 3.36117 	 3.32252 
66200	 0.0370629 	 3.44473 	 3.94544 
66300	 0.0508359 	 3.89962 	 4.69194 
66400	 0.0465667 	 3.82996 	 4.64356 
66500	 0.0382941 	 3.54144 	 4.05206 
66600	 0.0314703 	 4.51235 	 5.5438 
66700	 0.0362259 	 3.56392 	 3.7827 
66800	 0.0290164 	 3.93933 	 4.52607 
66900	 0.0322404 	 3.61363 	 4.05722 
67000	 0.025725 	 3.06455 	 3.4867 
67100	 0.0295902 	 3.28585 	 3.56478 
67200	 0.0634463 	 3.66898 	 3.83052 
67300	 0.0328249 	 2.97943 	 3.4853 
67400	 0.0391437 	 2.93349 	 3.45381 
67500	 0.0368757 	 4.28858 	 5.08103 
67600	 0.044588 	 3.51264 	 3.89524 
67700	 0.0554254 	 3.36459 	 3.32573 
67800	 0.0475744 	 3.00763 	 3.64561 
67900	 0.0312291 	 3.63143 	 3.88359 
68000	 0.0349253 	 3.65367 	 3.495 
68100	 0.0253856 	 3.6191 	 3.70256 
68200	 0.0265998 	 3.77875 	 4.215 
68300	 0.0376785 	 3.40614 	 3.78222 
68400	 0.0297546 	 3.89108 	 4.55039 
68500	 0.0479427 	 4.07935 	 5.06332 
68600	 0.0446118 	 3.44826 	 3.84091 
68700	 0.0301622 	 3.52078 	 4.03898 
68800	 0.0370221 	 3.04264 	 3.20957 
68900	 0.0342251 	 3.81983 	 4.13062 
69000	 0.0370207 	 3.44924 	 4.08296 
69100	 0.0298984 	 3.13454 	 3.64384 
69200	 0.0492174 	 3.49034 	 3.98582 
69300	 0.045019 	 3.58958 	 4.16694 
69400	 0.042341 	 3.32546 	 3.8799 
69500	 0.0366593 	 4.07941 	 4.65926 
69600	 0.0251929 	 3.55487 	 4.18147 
69700	 0.0268282 	 3.24192 	 3.77769 
69800	 0.0288265 	 3.51678 	 3.61712 
69900	 0.0285458 	 4.00757 	 4.63242 
70000	 0.0242672 	 3.67798 	 4.04597 
70100	 0.050955 	 3.61093 	 3.633 
70200	 0.032394 	 3.18268 	 2.91959 
70300	 0.0206359 	 3.44468 	 3.40857 
70400	 0.0281029 	 2.85653 	 3.24148 
70500	 0.0337581 	 3.85174 	 4.13488 
70600	 0.0344119 	 3.35056 	 3.89939 
70700	 0.0304653 	 2.98007 	 3.08406 
70800	 0.0406951 	 3.97015 	 4.28297 
70900	 0.0436639 	 3.82807 	 4.27185 
71000	 0.0383105 	 3.44102 	 3.38213 
71100	 0.0279624 	 2.76897 	 3.27398 
71200	 0.0304256 	 3.22752 	 3.65197 
71300	 0.0360205 	 3.98137 	 5.06553 
71400	 0.0423316 	 2.80938 	 3.09519 
71500	 0.0477274 	 3.25842 	 3.5125 
71600	 0.033893 	 3.2855 	 3.59593 
71700	 0.0374161 	 3.35303 	 4.03326 
71800	 0.0301609 	 3.2062 	 2.83948 
71900	 0.0269962 	 3.3714 	 3.93352 
72000	 0.0307749 	 3.60578 	 4.10943 
72100	 0.0358079 	 3.94972 	 4.71778 
72200	 0.050822 	 3.47726 	 3.78297 
72300	 0.0272618 	 3.40195 	 3.93313 
72400	 0.031481 	 3.76962 	 4.70718 
72500	 0.0250811 	 3.63167 	 4.31524 
72600	 0.042824 	 3.63259 	 4.01338 
72700	 0.0345153 	 2.90607 	 3.35429 
72800	 0.0259018 	 3.4685 	 4.61876 
72900	 0.0267183 	 3.88982 	 3.77587 
73000	 0.0241703 	 3.81744 	 4.1873 
73100	 0.0318931 	 3.25314 	 3.21389 
73200	 0.0278143 	 3.60187 	 4.57487 
73300	 0.0298343 	 3.77859 	 4.44984 
73400	 0.0257011 	 3.64835 	 4.37239 
73500	 0.0204996 	 3.42313 	 3.85919 
73600	 0.0408449 	 3.79831 	 3.62564 
73700	 0.0287194 	 3.33528 	 3.61991 
73800	 0.0390409 	 3.18564 	 3.47119 
73900	 0.0339043 	 3.54555 	 3.74026 
74000	 0.0462859 	 3.96741 	 4.43052 
74100	 0.0448294 	 3.02956 	 2.98495 
74200	 0.0244325 	 4.79143 	 4.9532 
74300	 0.0483518 	 4.08931 	 4.65829 
74400	 0.0413961 	 3.88547 	 4.54232 
74500	 0.0331778 	 3.48562 	 3.68032 
74600	 0.0314512 	 3.39939 	 4.15884 
74700	 0.0316984 	 3.4802 	 4.12899 
74800	 0.0396407 	 3.38221 	 4.05086 
74900	 0.0272301 	 3.05922 	 3.47115 
75000	 0.027525 	 3.52015 	 4.17578 
75100	 0.037863 	 3.9091 	 4.46452 
75200	 0.0342262 	 3.57287 	 4.52941 
75300	 0.0226509 	 2.81307 	 3.23379 
75400	 0.0283719 	 3.86576 	 4.16768 
75500	 0.0340171 	 3.36397 	 3.64067 
75600	 0.0422909 	 3.55077 	 4.05286 
75700	 0.0303088 	 3.50155 	 3.93368 
75800	 0.0240858 	 4.13803 	 4.54258 
75900	 0.0288501 	 3.92473 	 4.12187 
76000	 0.0248121 	 3.4203 	 3.94501 
76100	 0.0377297 	 3.39171 	 4.00159 
76200	 0.0285549 	 4.17493 	 4.42796 
76300	 0.0432166 	 3.64407 	 3.95578 
76400	 0.0299624 	 2.96283 	 3.15541 
76500	 0.0277792 	 4.02037 	 5.0166 
76600	 0.020137 	 3.96584 	 4.10113 
76700	 0.0298749 	 3.50796 	 4.38322 
76800	 0.0366989 	 3.53361 	 3.97771 
76900	 0.0222148 	 3.43802 	 4.03538 
77000	 0.0468575 	 4.08976 	 4.52586 
77100	 0.0505047 	 3.38476 	 4.00462 
77200	 0.0308094 	 2.81017 	 3.24172 
77300	 0.0228659 	 3.32383 	 3.30783 
77400	 0.0244349 	 3.46276 	 4.12499 
77500	 0.0203053 	 3.01039 	 3.07236 
77600	 0.0473452 	 3.33369 	 3.49814 
77700	 0.0256553 	 3.79979 	 4.29239 
77800	 0.0337121 	 3.25171 	 3.44457 
77900	 0.0342383 	 3.25091 	 3.45024 
78000	 0.0373709 	 4.26281 	 4.65187 
78100	 0.0339783 	 3.07705 	 3.11735 
78200	 0.0294507 	 3.76981 	 4.38144 
78300	 0.0457156 	 3.64882 	 4.51944 
78400	 0.0344347 	 2.85073 	 3.14271 
78500	 0.0436747 	 3.24227 	 3.52999 
78600	 0.0236979 	 3.69137 	 4.46757 
78700	 0.0244582 	 3.42342 	 3.50505 
78800	 0.0289875 	 3.70948 	 4.87912 
78900	 0.0381821 	 4.67939 	 5.7764 
79000	 0.0396633 	 3.06441 	 3.33156 
79100	 0.028704 	 3.48908 	 3.34431 
79200	 0.0486037 	 3.03326 	 3.02905 
79300	 0.04806 	 3.7524 	 4.40149 
79400	 0.0224748 	 3.13289 	 3.03944 
79500	 0.0503061 	 3.43058 	 3.54095 
79600	 0.030547 	 3.72627 	 4.49485 
79700	 0.0348678 	 3.04653 	 2.9458 
79800	 0.0308658 	 3.5439 	 3.5282 
79900	 0.0242189 	 3.4818 	 3.87348 
80000	 0.0425388 	 3.22122 	 3.29015 
80100	 0.0367156 	 3.65916 	 4.09558 
80200	 0.0321756 	 3.13011 	 3.50184 
80300	 0.0301891 	 3.05788 	 3.1126 
80400	 0.0354596 	 3.61019 	 4.40422 
80500	 0.0351064 	 3.35026 	 3.46094 
80600	 0.0283284 	 2.88438 	 2.95691 
80700	 0.031389 	 3.8135 	 4.72108 
80800	 0.027437 	 3.66074 	 4.3946 
80900	 0.0194781 	 3.59552 	 3.47195 
81000	 0.0352074 	 4.06237 	 4.80298 
81100	 0.0295626 	 3.71645 	 4.38255 
81200	 0.0351581 	 3.48772 	 4.00243 
81300	 0.0233298 	 3.17135 	 3.64236 
81400	 0.0298456 	 4.29711 	 3.29274 
81500	 0.036747 	 3.22386 	 3.38435 
81600	 0.0425761 	 3.60302 	 4.36311 
81700	 0.0298608 	 3.4168 	 3.53187 
81800	 0.0513043 	 3.68268 	 4.49798 
81900	 0.0390016 	 4.2357 	 4.8252 
82000	 0.0281258 	 3.58229 	 4.33446 
82100	 0.0438298 	 2.9204 	 3.52731 
82200	 0.0268077 	 3.3852 	 3.52311 
82300	 0.0279904 	 3.07529 	 3.39777 
82400	 0.0397084 	 4.06655 	 5.02472 
82500	 0.0374844 	 3.35382 	 3.81358 
82600	 0.0250086 	 3.63415 	 4.50847 
82700	 0.0277303 	 3.16242 	 3.21142 
82800	 0.0380655 	 3.52415 	 3.93394 
82900	 0.0435111 	 3.07431 	 3.85933 
83000	 0.0486298 	 3.11982 	 2.97209 
83100	 0.0414378 	 3.21932 	 3.52453 
83200	 0.0523439 	 3.15717 	 3.50249 
83300	 0.0294567 	 3.37585 	 3.86579 
83400	 0.0448921 	 4.0678 	 5.13808 
83500	 0.0338755 	 3.9273 	 4.446 
83600	 0.0395978 	 3.51436 	 3.7709 
83700	 0.0252257 	 3.54755 	 3.49492 
83800	 0.0315524 	 3.40049 	 3.98016 
83900	 0.0219627 	 2.96214 	 3.92869 
84000	 0.0323211 	 3.41426 	 3.95764 
84100	 0.0251348 	 3.60865 	 3.86871 
84200	 0.0481573 	 4.04478 	 4.32637 
84300	 0.0374597 	 3.35435 	 3.65647 
84400	 0.0253433 	 3.23465 	 3.38998 
84500	 0.044804 	 3.04352 	 3.6686 
84600	 0.0301217 	 3.75722 	 4.15679 
84700	 0.0303564 	 3.75227 	 3.91659 
84800	 0.0259588 	 3.45709 	 4.46361 
84900	 0.0361232 	 3.05379 	 3.08282 
85000	 0.032534 	 3.23603 	 3.44768 
85100	 0.0334248 	 3.67933 	 4.31783 
85200	 0.024837 	 3.89467 	 4.26738 
85300	 0.0398637 	 4.05457 	 4.63237 
85400	 0.0305592 	 3.04813 	 3.4007 
85500	 0.0302626 	 3.79231 	 4.33271 
85600	 0.0233129 	 3.56017 	 3.80754 
85700	 0.0221594 	 2.98217 	 3.40677 
85800	 0.0548477 	 4.19314 	 4.35274 
85900	 0.0158159 	 3.2995 	 3.66418 
86000	 0.0415932 	 3.0487 	 3.09321 
86100	 0.0283066 	 3.36542 	 3.34912 
86200	 0.0260733 	 4.01187 	 4.49288 
86300	 0.0340358 	 2.92001 	 2.95777 
86400	 0.0460716 	 3.68626 	 4.21898 
86500	 0.0233411 	 2.90682 	 3.40519 
86600	 0.03307 	 2.74819 	 3.00914 
86700	 0.0239524 	 3.32243 	 4.08634 
86800	 0.0306571 	 3.15216 	 3.60874 
86900	 0.0472235 	 2.93004 	 3.19782 
87000	 0.0251286 	 3.81924 	 4.08999 
87100	 0.033101 	 3.53298 	 4.50508 
87200	 0.0240205 	 3.39978 	 3.26679 
87300	 0.0183547 	 2.83955 	 3.14036 
87400	 0.0420978 	 2.92842 	 3.2451 
87500	 0.0196066 	 3.27708 	 3.59454 
87600	 0.0427917 	 3.08803 	 3.61313 
87700	 0.0314317 	 3.35444 	 3.86686 
87800	 0.0239364 	 3.84895 	 4.19824 
87900	 0.0410922 	 3.20765 	 3.14272 
88000	 0.049302 	 3.70288 	 4.02923 
88100	 0.0289661 	 3.42198 	 3.82581 
88200	 0.0417408 	 3.22515 	 3.81823 
88300	 0.0321446 	 3.41765 	 4.37197 
88400	 0.0327735 	 3.61482 	 3.84879 
88500	 0.0328653 	 3.48634 	 4.28288 
88600	 0.0352799 	 3.66814 	 4.17645 
88700	 0.0249517 	 3.58352 	 3.99264 
88800	 0.0426645 	 4.01168 	 4.35897 
88900	 0.0243148 	 3.45085 	 4.35496 
89000	 0.0132609 	 3.53189 	 3.7826 
89100	 0.0343179 	 3.54285 	 3.60066 
89200	 0.0367448 	 3.6536 	 3.46343 
89300	 0.0366523 	 2.74086 	 3.00874 
89400	 0.0190678 	 3.44352 	 3.40256 
89500	 0.0288127 	 2.73355 	 3.29379 
89600	 0.0344928 	 3.12005 	 3.58588 
89700	 0.0300028 	 3.12802 	 3.16634 
89800	 0.0421194 	 3.57103 	 4.3709 
89900	 0.0256353 	 3.52211 	 3.76281 
90000	 0.0274228 	 2.74189 	 3.11976 
90100	 0.0361777 	 3.39427 	 3.71515 
90200	 0.0369722 	 3.22384 	 3.7185 
90300	 0.0269404 	 3.15958 	 3.54408 
90400	 0.039959 	 4.20733 	 5.19827 
90500	 0.0254761 	 3.24065 	 3.86336 
90600	 0.0272783 	 3.64171 	 3.86328 
90700	 0.0241184 	 3.38113 	 3.52591 
90800	 0.0236715 	 3.43937 	 4.07313 
90900	 0.0383726 	 3.9044 	 4.79486 
91000	 0.029338 	 3.19559 	 3.31121 
91100	 0.0338887 	 2.78261 	 3.00781 
91200	 0.0315102 	 3.47864 	 3.82056 
91300	 0.0287771 	 3.58314 	 4.41673 
91400	 0.0390133 	 3.14037 	 3.30661 
91500	 0.0241501 	 3.21832 	 4.0504 
91600	 0.0234458 	 3.39789 	 3.84383 
91700	 0.0244757 	 2.95441 	 2.6122 
91800	 0.0439408 	 3.76666 	 3.79816 
91900	 0.0256641 	 3.95224 	 4.71954 
92000	 0.039705 	 3.65214 	 3.68347 
92100	 0.0286101 	 3.16055 	 3.3792 
92200	 0.0242023 	 2.65036 	 2.85736 
92300	 0.0302789 	 3.43264 	 4.10775 
92400	 0.0337657 	 3.17549 	 3.87824 
92500	 0.060039 	 3.83404 	 4.49323 
92600	 0.0330884 	 3.60819 	 4.24091 
92700	 0.0475789 	 3.42613 	 3.22735 
92800	 0.0335 	 3.16594 	 3.40786 
92900	 0.0328514 	 3.36036 	 3.681 
93000	 0.0231168 	 3.17768 	 3.38391 
93100	 0.0294018 	 4.07536 	 4.96854 
93200	 0.0395106 	 3.42081 	 3.65526 
93300	 0.0138388 	 3.459 	 4.12949 
93400	 0.036582 	 3.64226 	 4.06124 
93500	 0.0364988 	 3.324 	 3.5996 
93600	 0.037934 	 3.69803 	 4.27975 
93700	 0.0155543 	 2.88707 	 3.05804 
93800	 0.0374624 	 3.30023 	 3.63875 
93900	 0.0396675 	 3.42341 	 4.11927 
94000	 0.0398202 	 3.07548 	 3.45071 
94100	 0.03521 	 3.35117 	 3.2524 
94200	 0.0205129 	 4.05714 	 5.66188 
94300	 0.0404543 	 3.10142 	 3.68028 
94400	 0.0324906 	 3.50148 	 3.88624 
94500	 0.0435712 	 3.51841 	 3.7805 
94600	 0.0239171 	 3.31685 	 3.93054 
94700	 0.0403832 	 3.74346 	 4.27514 
94800	 0.0298043 	 3.33707 	 3.42612 
94900	 0.0265461 	 3.1592 	 3.53265 
95000	 0.0238991 	 3.32907 	 3.67964 
95100	 0.041525 	 3.22857 	 3.57616 
95200	 0.0280752 	 3.77678 	 4.05119 
95300	 0.0460641 	 3.58406 	 3.56138 
95400	 0.0265801 	 3.23707 	 3.66727 
95500	 0.0316642 	 3.93269 	 4.90097 
95600	 0.027822 	 3.56173 	 3.51396 
95700	 0.0368011 	 3.24795 	 3.74779 
95800	 0.0365171 	 3.55002 	 3.66907 
95900	 0.0392705 	 3.40823 	 3.81964 
96000	 0.0378296 	 2.99413 	 3.42511 
96100	 0.0337957 	 3.31764 	 3.57362 
96200	 0.02382 	 3.1018 	 3.47667 
96300	 0.0423946 	 3.22368 	 3.4051 
96400	 0.0217202 	 2.87115 	 3.03632 
96500	 0.0314709 	 3.29954 	 4.65167 
96600	 0.0385169 	 2.97103 	 3.27847 
96700	 0.0296731 	 3.49764 	 4.44534 
96800	 0.0328437 	 3.04462 	 3.59632 
96900	 0.0345922 	 3.3825 	 3.73297 
97000	 0.0452148 	 3.67306 	 3.90919 
97100	 0.0231726 	 4.13999 	 4.94034 
97200	 0.0259625 	 3.52908 	 4.37351 
97300	 0.029739 	 3.59368 	 4.19196 
97400	 0.0232861 	 3.33893 	 3.87676 
97500	 0.0268784 	 3.4933 	 4.05834 
97600	 0.0328161 	 3.59929 	 4.21353 
97700	 0.0385521 	 2.79075 	 3.34456 
97800	 0.0356353 	 3.62294 	 3.93377 
97900	 0.0355256 	 3.83621 	 4.97869 
98000	 0.0436474 	 3.29337 	 4.09508 
98100	 0.0341299 	 3.25463 	 3.86047 
98200	 0.0436677 	 3.26151 	 3.64309 
98300	 0.0339537 	 3.68469 	 4.57553 
98400	 0.0234819 	 3.0445 	 3.33241 
98500	 0.0234778 	 2.96119 	 3.50388 
98600	 0.0233331 	 3.72699 	 3.86607 
98700	 0.0349783 	 3.19778 	 3.45004 
98800	 0.0385955 	 3.27703 	 3.46314 
98900	 0.0488009 	 3.12593 	 3.46911 
99000	 0.0392553 	 3.1502 	 3.77546 
99100	 0.0546161 	 3.62872 	 4.02083 
99200	 0.0471327 	 3.44687 	 3.92666 
99300	 0.0296624 	 3.51998 	 4.38091 
99400	 0.040574 	 2.79027 	 2.8463 
99500	 0.0280723 	 2.88246 	 2.84281 
99600	 0.0168028 	 3.01414 	 3.435 
99700	 0.0268012 	 3.48596 	 3.99153 
99800	 0.0350815 	 3.45051 	 3.49236 
99900	 0.0201443 	 2.72273 	 3.24423 
100000	 0.0331961 	 2.8685 	 3.26832 
100100	 0.0489005 	 3.55956 	 4.18107 
100200	 0.0380616 	 2.53242 	 3.00818 
100300	 0.0216699 	 3.84276 	 4.15402 
100400	 0.0286581 	 2.98437 	 2.88273 
100500	 0.0456987 	 2.98659 	 3.67266 
100600	 0.0368057 	 3.58324 	 4.04565 
100700	 0.0288627 	 2.95776 	 3.25751 
100800	 0.0326354 	 4.10641 	 4.54945 
100900	 0.042056 	 3.12944 	 3.32 
101000	 0.0377613 	 3.3609 	 3.53552 
101100	 0.0323209 	 3.31431 	 4.1898 
101200	 0.0404319 	 3.71074 	 4.28212 
101300	 0.0266736 	 2.91376 	 3.15955 
101400	 0.0454535 	 3.39021 	 3.80631 
101500	 0.0372268 	 4.01656 	 4.72559 
101600	 0.0263422 	 3.02557 	 3.55488 
101700	 0.0401053 	 2.85451 	 2.6339 
101800	 0.0375206 	 3.28948 	 3.52776 
101900	 0.0326361 	 4.00724 	 4.10968 
102000	 0.0330387 	 3.52207 	 3.66804 
102100	 0.0191693 	 3.85137 	 4.06911 
102200	 0.0233091 	 3.012 	 2.92566 
102300	 0.0309863 	 4.49564 	 4.88331 
102400	 0.0352532 	 3.31835 	 3.68194 
102500	 0.037348 	 3.22108 	 3.62389 
102600	 0.0244406 	 3.63075 	 3.90221 
102700	 0.0336639 	 3.85821 	 4.87089 
102800	 0.0251559 	 3.30738 	 4.07597 
102900	 0.0281589 	 3.04208 	 3.61631 
103000	 0.0577644 	 3.3928 	 3.91427 
103100	 0.0339968 	 3.51611 	 4.0076 
103200	 0.035321 	 4.11641 	 4.91256 
103300	 0.0229993 	 2.89097 	 3.18776 
103400	 0.0424576 	 3.52276 	 4.09419 
103500	 0.0193773 	 3.32643 	 3.90237 
103600	 0.0292443 	 3.60878 	 3.8572 
103700	 0.0402881 	 3.2296 	 3.39509 
103800	 0.0493589 	 3.50305 	 4.30529 
103900	 0.0347407 	 3.38042 	 3.4889 
104000	 0.0228702 	 4.02557 	 3.60363 
104100	 0.0192246 	 3.85092 	 3.86037 
104200	 0.0312295 	 3.61987 	 4.12604 
104300	 0.0318947 	 3.1217 	 3.80081 
104400	 0.0482046 	 3.02265 	 2.9987 
104500	 0.0307703 	 2.88128 	 2.8221 
104600	 0.0460302 	 3.9791 	 4.64534 
104700	 0.0403631 	 3.18554 	 3.44513 
104800	 0.0285832 	 3.50106 	 3.79871 
104900	 0.0406507 	 3.13916 	 3.63273 
105000	 0.0365286 	 2.98275 	 2.93837 
105100	 0.0337028 	 3.59099 	 3.67543 
105200	 0.0397666 	 3.62659 	 3.92334 
105300	 0.031293 	 3.41974 	 3.64383 
105400	 0.0316113 	 3.71252 	 3.83449 
105500	 0.0395772 	 3.48813 	 4.26942 
105600	 0.0248328 	 3.5312 	 3.91528 
105700	 0.0224303 	 3.22799 	 3.22711 
105800	 0.0395272 	 3.59491 	 3.58832 
105900	 0.0234256 	 3.81211 	 3.59827 
106000	 0.0315546 	 3.61983 	 4.05675 
106100	 0.0421453 	 4.67909 	 5.77125 
106200	 0.038407 	 3.13479 	 3.91116 
106300	 0.0419169 	 3.36428 	 3.60433 
106400	 0.0299989 	 3.2127 	 3.937 
106500	 0.0196448 	 3.45381 	 3.33877 
106600	 0.0333602 	 3.66047 	 4.72185 
106700	 0.0256884 	 3.05586 	 3.38745 
106800	 0.0379296 	 2.84854 	 2.6605 
106900	 0.0281664 	 3.27802 	 3.58211 
107000	 0.0260941 	 3.71004 	 4.08554 
107100	 0.0301601 	 3.22214 	 3.76166 
107200	 0.0255592 	 3.60374 	 3.82931 
107300	 0.0416133 	 3.91617 	 4.17358 
107400	 0.0204709 	 3.49999 	 3.67882 
107500	 0.0341744 	 4.53765 	 5.52432 
107600	 0.0270122 	 3.31771 	 4.22279 
107700	 0.0316336 	 2.89569 	 3.71214 
107800	 0.0180986 	 3.05538 	 3.22884 
107900	 0.0367852 	 3.39629 	 3.68129 
108000	 0.0398105 	 3.62483 	 4.91604 
108100	 0.0254478 	 3.10738 	 3.76766 
108200	 0.0337684 	 3.82454 	 3.83071 
108300	 0.0316506 	 3.50411 	 4.2674 
108400	 0.0216661 	 3.50802 	 3.81633 
108500	 0.0392213 	 3.64681 	 4.33156 
108600	 0.0307498 	 2.83652 	 3.34726 
108700	 0.0324223 	 3.37136 	 3.38718 
108800	 0.0535435 	 3.0324 	 2.77973 
108900	 0.0251251 	 3.47621 	 4.28068 
109000	 0.018032 	 3.23033 	 3.70434 
109100	 0.044677 	 3.4685 	 4.26441 
109200	 0.022652 	 3.13293 	 3.51159 
109300	 0.0351008 	 3.52404 	 3.71158 
109400	 0.03918 	 2.71805 	 3.04141 
109500	 0.0191275 	 2.69654 	 2.82871 
109600	 0.0257953 	 3.18011 	 3.11931 
109700	 0.035484 	 3.7642 	 4.37444 
109800	 0.0249366 	 3.60335 	 3.48985 
109900	 0.0314807 	 3.16391 	 3.57908 
110000	 0.0227647 	 3.31088 	 3.53674 
110100	 0.023889 	 3.32305 	 4.01051 
110200	 0.0263881 	 3.86799 	 4.13142 
110300	 0.0323057 	 3.77006 	 3.9822 
110400	 0.0211527 	 3.30343 	 3.7854 
110500	 0.0202661 	 3.21888 	 3.52521 
110600	 0.041702 	 3.42487 	 4.09536 
110700	 0.0183647 	 3.67236 	 3.76282 
110800	 0.0535823 	 3.16118 	 3.31804 
110900	 0.0201842 	 3.31708 	 3.33865 
111000	 0.0183288 	 3.3272 	 3.7829 
111100	 0.05396 	 3.36177 	 3.84713 
111200	 0.0301391 	 3.06209 	 3.11361 
111300	 0.0279702 	 2.98263 	 3.76839 
111400	 0.0306728 	 4.10037 	 5.00568 
111500	 0.0255564 	 3.40595 	 3.74869 
111600	 0.0355788 	 3.12155 	 3.3322 
111700	 0.0275536 	 3.13352 	 3.75674 
111800	 0.0230199 	 3.05968 	 3.21664 
111900	 0.0257422 	 3.56614 	 4.20914 
112000	 0.0471199 	 3.56624 	 4.12201 
112100	 0.0417378 	 3.14471 	 3.18518 
112200	 0.0309307 	 3.58574 	 4.27517 
112300	 0.0311433 	 3.54724 	 3.90582 
112400	 0.0317929 	 3.21 	 3.06335 
112500	 0.0353212 	 3.42166 	 3.42208 
112600	 0.0176833 	 3.89748 	 4.46874 
112700	 0.0272655 	 3.9281 	 4.0368 
112800	 0.0258279 	 3.78747 	 4.36127 
112900	 0.0246418 	 2.86041 	 3.11266 
113000	 0.0279688 	 3.03073 	 3.34086 
113100	 0.0326505 	 3.28848 	 3.63508 
113200	 0.0248748 	 3.20115 	 3.95019 
113300	 0.0356222 	 3.85625 	 4.17518 
113400	 0.0327008 	 3.14235 	 3.7633 
113500	 0.0225406 	 3.42358 	 4.41728 
113600	 0.0306616 	 3.80594 	 4.39174 
113700	 0.0402471 	 4.11147 	 5.03889 
113800	 0.0428 	 2.9052 	 3.28066 
113900	 0.0315237 	 3.26594 	 3.60892 
114000	 0.0211043 	 3.29142 	 3.40956 
114100	 0.0276729 	 3.38131 	 3.72115 
114200	 0.0300986 	 3.51962 	 3.07918 
114300	 0.0430117 	 3.60075 	 4.72717 
114400	 0.028654 	 3.34391 	 4.02257 
114500	 0.0197075 	 3.79296 	 4.59244 
114600	 0.0259075 	 3.88072 	 4.42019 
114700	 0.0196839 	 3.69043 	 4.80844 
114800	 0.034044 	 2.85586 	 3.09531 
114900	 0.0268209 	 4.019 	 4.62026 
115000	 0.0166342 	 3.26472 	 3.30196 
115100	 0.0277862 	 3.36533 	 3.90111 
115200	 0.033951 	 3.81864 	 4.63469 
115300	 0.0449554 	 3.81697 	 4.55164 
115400	 0.0279432 	 2.89309 	 3.05946 
115500	 0.0398046 	 3.56732 	 3.61204 
115600	 0.0329089 	 3.83227 	 4.99956 
115700	 0.046097 	 3.17073 	 3.20865 
115800	 0.0388396 	 2.68206 	 3.00011 
115900	 0.0370197 	 3.18368 	 3.34548 
116000	 0.0165671 	 3.12215 	 3.37179 
116100	 0.0339388 	 3.17511 	 3.19221 
116200	 0.0290286 	 3.7334 	 3.81483 
116300	 0.0220378 	 3.58408 	 4.30737 
116400	 0.0342909 	 3.37155 	 3.54027 
116500	 0.0339213 	 2.84298 	 3.31364 
116600	 0.0353337 	 3.17842 	 4.10439 
116700	 0.0308623 	 3.19634 	 3.75078 
116800	 0.0331901 	 3.07835 	 3.72226 
116900	 0.0333811 	 3.28631 	 3.81996 
117000	 0.0339138 	 3.47539 	 3.78878 
117100	 0.0198279 	 2.9081 	 3.80968 
117200	 0.0380745 	 3.61667 	 4.28708 
117300	 0.0279424 	 3.02539 	 3.44546 
117400	 0.0309441 	 3.41429 	 3.79949 
117500	 0.0233241 	 4.14167 	 5.02389 
117600	 0.0419559 	 4.08643 	 4.51572 
117700	 0.0348093 	 3.33304 	 3.18975 
117800	 0.0295247 	 3.57631 	 4.00103 
117900	 0.0283124 	 3.36326 	 3.93451 
118000	 0.0207199 	 3.92857 	 4.50896 
118100	 0.0254299 	 3.15523 	 3.57537 
118200	 0.0123241 	 2.9051 	 3.11099 
118300	 0.0283785 	 3.18728 	 3.23406 
118400	 0.0356475 	 3.20312 	 3.48395 
118500	 0.0174725 	 2.79108 	 2.80221 
118600	 0.0278695 	 3.42488 	 3.70699 
118700	 0.0278288 	 3.43594 	 4.07991 
118800	 0.0387768 	 2.98586 	 3.09876 
118900	 0.0369276 	 3.50853 	 3.63874 
119000	 0.0423166 	 3.47722 	 3.90385 
119100	 0.0266432 	 3.27469 	 4.27707 
119200	 0.0307439 	 3.24524 	 3.25724 
119300	 0.0457543 	 3.753 	 4.33017 
119400	 0.0246144 	 3.17683 	 3.49977 
119500	 0.0310065 	 3.04927 	 3.11884 
119600	 0.0214337 	 3.30943 	 3.54264 
119700	 0.0402449 	 3.76469 	 4.38259 
119800	 0.0216581 	 3.67972 	 4.28261 
119900	 0.0328219 	 3.17829 	 3.45989 
120000	 0.0236133 	 3.09928 	 3.68385 
120100	 0.0336304 	 3.32618 	 4.08918 
120200	 0.0292521 	 3.74916 	 4.05081 
120300	 0.027683 	 3.30125 	 3.83359 
120400	 0.0290076 	 3.77561 	 4.15967 
120500	 0.0461307 	 3.47617 	 4.28876 
120600	 0.0274758 	 3.14917 	 3.7396 
120700	 0.0353143 	 3.40691 	 3.85243 
120800	 0.0268867 	 3.12514 	 3.30644 
120900	 0.0291369 	 3.43224 	 3.84435 
121000	 0.0168194 	 3.0329 	 2.88509 
121100	 0.0227887 	 3.17381 	 3.73142 
121200	 0.0604969 	 3.64909 	 4.4999 
121300	 0.0266171 	 3.60148 	 3.44163 
121400	 0.0349152 	 2.95079 	 2.81638 
121500	 0.0243769 	 3.79244 	 4.60758 
121600	 0.026963 	 3.30001 	 3.96832 
121700	 0.0270164 	 3.42298 	 3.70481 
121800	 0.028246 	 2.68458 	 2.91559 
121900	 0.0272859 	 3.22073 	 3.90724 
122000	 0.0186776 	 3.63953 	 4.36844 
122100	 0.0255698 	 4.21296 	 4.54925 
122200	 0.0157596 	 3.12745 	 3.1892 
122300	 0.018531 	 3.31278 	 3.51156 
122400	 0.0387758 	 3.78054 	 4.22078 
122500	 0.0272976 	 3.47475 	 3.43939 
122600	 0.0274382 	 4.3375 	 5.88318 
122700	 0.0317547 	 3.06602 	 3.35491 
122800	 0.0226614 	 3.52355 	 4.32395 
122900	 0.0317278 	 3.11096 	 3.20037 
123000	 0.0363391 	 3.14583 	 3.51241 
123100	 0.0202304 	 2.84414 	 3.45891 
123200	 0.0332501 	 3.4527 	 4.08515 
123300	 0.0384747 	 3.83267 	 4.44966 
123400	 0.0223627 	 2.98591 	 3.21613 
123500	 0.0270574 	 3.49462 	 3.65746 
123600	 0.0296596 	 3.28187 	 3.48306 
123700	 0.0452181 	 3.89089 	 4.89664 
123800	 0.048072 	 3.55189 	 3.73576 
123900	 0.0167057 	 3.09377 	 3.31616 
124000	 0.0311981 	 3.53171 	 3.9381 
124100	 0.0206092 	 3.40154 	 4.16751 
124200	 0.0179902 	 3.20426 	 3.2091 
124300	 0.0194842 	 3.59066 	 4.15559 
124400	 0.0259805 	 3.23027 	 3.24679 
124500	 0.0325452 	 3.16738 	 4.04939 
124600	 0.0330121 	 3.53438 	 3.84324 
124700	 0.0298393 	 3.05259 	 2.94454 
124800	 0.0249473 	 3.57429 	 4.52586 
124900	 0.0320858 	 3.27658 	 3.08205 
125000	 0.0218832 	 2.90647 	 3.17627 
125100	 0.0250127 	 3.23465 	 3.68593 
125200	 0.0310383 	 3.41449 	 3.43797 
125300	 0.0204857 	 3.07416 	 3.14881 
125400	 0.0352286 	 3.69992 	 4.58842 
125500	 0.0249241 	 3.24683 	 3.64933 
125600	 0.0435978 	 3.84742 	 3.93603 
125700	 0.0360665 	 3.53869 	 4.37905 
125800	 0.0309439 	 3.32002 	 3.96774 
125900	 0.0284713 	 3.2513 	 3.88738 
126000	 0.0310438 	 3.15818 	 2.76343 
126100	 0.0242842 	 2.98488 	 3.18682 
126200	 0.0294984 	 3.37589 	 4.08892 
126300	 0.0373161 	 3.6833 	 4.19153 
126400	 0.025551 	 3.66924 	 4.01265 
126500	 0.0247171 	 3.30497 	 3.28929 
126600	 0.0277026 	 3.44589 	 3.82814 
126700	 0.0242633 	 3.59774 	 3.45476 
126800	 0.031766 	 3.01708 	 2.97547 
126900	 0.0262203 	 2.98803 	 3.44851 
127000	 0.0226076 	 3.57985 	 4.5773 
127100	 0.0483495 	 3.73875 	 4.72167 
127200	 0.0230758 	 3.32089 	 3.57082 
127300	 0.0496862 	 3.6091 	 4.15321 
127400	 0.0352374 	 3.18008 	 3.33836 
127500	 0.0302303 	 4.10177 	 4.17566 
127600	 0.0390726 	 3.50514 	 4.33683 
127700	 0.0285779 	 3.08274 	 3.04983 
127800	 0.0274494 	 3.71619 	 4.71136 
127900	 0.0504801 	 3.37419 	 2.92657 
128000	 0.0339658 	 3.70526 	 4.29128 
128100	 0.0244769 	 2.94298 	 3.48608 
128200	 0.0323628 	 3.82922 	 3.83751 
128300	 0.0283512 	 3.84766 	 4.07867 
128400	 0.0306191 	 3.66161 	 4.57979 
128500	 0.0367464 	 3.04044 	 3.48733 
128600	 0.0273195 	 3.04241 	 3.50625 
128700	 0.0180139 	 3.50707 	 4.38377 
128800	 0.0314435 	 3.83471 	 4.47675 
128900	 0.0327444 	 3.20719 	 3.87793 
129000	 0.0279436 	 3.52437 	 4.39589 
129100	 0.037948 	 3.10769 	 3.7311 
129200	 0.0282602 	 3.43519 	 4.01647 
129300	 0.023769 	 3.5769 	 4.33106 
129400	 0.0335633 	 2.92064 	 3.18997 
129500	 0.0407824 	 2.98232 	 3.20572 
129600	 0.0142054 	 4.36299 	 5.47632 
129700	 0.0230479 	 3.00379 	 3.5752 
129800	 0.0195757 	 3.95873 	 4.95607 
129900	 0.0261849 	 3.56935 	 4.19529 
130000	 0.0157177 	 3.26926 	 3.74309 
130100	 0.0553009 	 3.04076 	 3.76617 
130200	 0.019262 	 3.42851 	 3.96715 
130300	 0.0217056 	 3.56076 	 4.18073 
130400	 0.0264078 	 3.01741 	 3.35399 
130500	 0.0315835 	 3.15448 	 3.79131 
130600	 0.0285092 	 3.56678 	 3.83896 
130700	 0.0300637 	 3.40603 	 3.9436 
130800	 0.0413351 	 3.01009 	 3.05024 
130900	 0.0313047 	 3.40263 	 3.76905 
131000	 0.0293365 	 3.08185 	 3.56251 
131100	 0.021609 	 3.45006 	 3.90671 
131200	 0.029264 	 2.74749 	 2.96408 
131300	 0.0512762 	 3.26347 	 3.58738 
131400	 0.0431556 	 2.90293 	 3.05048 
131500	 0.0229003 	 3.34768 	 4.30605 
131600	 0.0363364 	 3.6121 	 4.30383 
131700	 0.0296673 	 3.49178 	 4.3425 
131800	 0.0296135 	 3.35962 	 4.23203 
131900	 0.0347874 	 3.34891 	 3.62643 
132000	 0.0381987 	 3.7421 	 5.00882 
132100	 0.0381338 	 3.18382 	 3.39671 
132200	 0.0417293 	 3.21393 	 3.70382 
132300	 0.0231706 	 3.11669 	 3.55459 
132400	 0.0289924 	 3.31395 	 3.63152 
132500	 0.028958 	 3.38991 	 3.73273 
132600	 0.0232802 	 2.67264 	 3.11495 
132700	 0.0366934 	 3.70452 	 4.60336 
132800	 0.0216981 	 3.21577 	 3.70374 
132900	 0.0335904 	 3.169 	 3.49711 
133000	 0.0290588 	 2.90387 	 3.19848 
133100	 0.0248461 	 3.2831 	 3.59351 
133200	 0.0391981 	 3.53717 	 3.67662 
133300	 0.0214873 	 3.55578 	 3.84378 
133400	 0.0345824 	 2.84975 	 2.95798 
133500	 0.0238929 	 3.6084 	 4.2252 
133600	 0.0252035 	 3.35929 	 3.70309 
133700	 0.0232106 	 3.73083 	 4.02557 
133800	 0.0451461 	 3.75686 	 4.72501 
133900	 0.0347254 	 4.15118 	 4.73329 
134000	 0.0273739 	 3.51389 	 3.39294 
134100	 0.0295371 	 3.01513 	 3.62328 
134200	 0.0179834 	 3.52983 	 4.38763 
134300	 0.0253007 	 2.6584 	 2.91604 
134400	 0.0266457 	 3.34332 	 3.89216 
134500	 0.0321884 	 3.03841 	 3.29138 
134600	 0.0383974 	 3.42947 	 3.3556 
134700	 0.033843 	 3.33762 	 3.91457 
134800	 0.0241198 	 3.37004 	 3.84801 
134900	 0.0388079 	 3.27552 	 3.15128 
135000	 0.0219032 	 3.6861 	 4.43134 
135100	 0.0386574 	 3.17738 	 3.77762 
135200	 0.0206768 	 3.02778 	 3.56656 
135300	 0.0408098 	 3.30436 	 3.94209 
135400	 0.0338025 	 3.74284 	 4.23445 
135500	 0.0331041 	 3.11998 	 3.58524 
135600	 0.0154082 	 3.13537 	 3.8882 
135700	 0.0251731 	 2.58528 	 2.8975 
135800	 0.0234474 	 3.20876 	 3.68498 
135900	 0.042007 	 3.29592 	 3.65165 
136000	 0.0255134 	 3.71818 	 4.67613 
136100	 0.0226936 	 2.7723 	 3.0553 
136200	 0.0185539 	 3.39308 	 3.60466 
136300	 0.0301385 	 3.2227 	 3.9306 
136400	 0.0311977 	 3.05584 	 3.21354 
136500	 0.0426537 	 3.52314 	 4.2897 
136600	 0.028345 	 3.47091 	 3.7653 
136700	 0.0315966 	 3.33941 	 3.82682 
136800	 0.034976 	 3.18025 	 3.59872 
136900	 0.0300706 	 3.41644 	 4.09515 
137000	 0.028384 	 2.78781 	 3.22373 
137100	 0.0412643 	 3.04862 	 3.15592 
137200	 0.0213404 	 3.17801 	 3.4103 
137300	 0.0211266 	 3.26172 	 3.37946 
137400	 0.0275057 	 2.96925 	 3.19423 
137500	 0.046407 	 3.06668 	 3.12375 
137600	 0.0300135 	 3.48898 	 3.81217 
137700	 0.0404038 	 2.94659 	 3.29432 
137800	 0.0196131 	 3.25561 	 3.66581 
137900	 0.0402016 	 3.25786 	 3.59051 
138000	 0.0346696 	 3.151 	 3.77491 
138100	 0.0409794 	 3.14145 	 3.50939 
138200	 0.0163579 	 2.95643 	 3.50847 
138300	 0.0296491 	 3.87638 	 4.45508 
138400	 0.033036 	 3.48663 	 3.76625 
138500	 0.0309306 	 3.00773 	 3.52425 
138600	 0.02556 	 3.52733 	 4.37624 
138700	 0.0207958 	 2.90989 	 3.26272 
138800	 0.0297614 	 3.06726 	 3.36626 
138900	 0.028591 	 2.79673 	 3.20395 
139000	 0.0227304 	 3.20259 	 3.27856 
139100	 0.0219782 	 3.24581 	 3.2489 
139200	 0.0262292 	 2.85298 	 3.10485 
139300	 0.0225193 	 2.86828 	 2.87195 
139400	 0.0281212 	 2.96098 	 3.3421 
139500	 0.0203058 	 2.84807 	 3.34739 
139600	 0.0359097 	 2.79673 	 3.3805 
139700	 0.0253288 	 3.5668 	 3.69062 
139800	 0.0254283 	 3.09367 	 3.53447 
139900	 0.0251037 	 3.23739 	 3.71219 
140000	 0.0269154 	 2.92535 	 2.96609 
140100	 0.0290883 	 3.54832 	 4.02039 
140200	 0.0350277 	 3.62843 	 4.00302 
140300	 0.0370138 	 3.79643 	 3.97569 
140400	 0.0380271 	 3.07802 	 3.76765 
140500	 0.0396724 	 3.03061 	 3.43028 
140600	 0.0348705 	 3.21796 	 3.7012 
140700	 0.0191036 	 3.30645 	 3.70205 
140800	 0.0247239 	 3.534 	 4.18708 
140900	 0.0178754 	 2.54506 	 2.73205 
141000	 0.0310451 	 3.32005 	 3.66928 
141100	 0.0307246 	 3.46269 	 3.79181 
141200	 0.0189381 	 3.54177 	 3.68482 
141300	 0.0356622 	 2.84908 	 3.39936 
141400	 0.0231356 	 3.5366 	 3.88591 
141500	 0.0243941 	 3.04092 	 3.42271 
141600	 0.0335437 	 3.12954 	 3.65659 
141700	 0.0347765 	 2.82865 	 3.02933 
141800	 0.0238324 	 3.15789 	 3.30438 
141900	 0.0273114 	 3.47181 	 3.63709 
142000	 0.0279904 	 2.73439 	 3.0484 
142100	 0.0276851 	 3.41757 	 4.09581 
142200	 0.0214814 	 3.17769 	 3.91033 
142300	 0.0377546 	 3.52446 	 4.35587 
142400	 0.0329975 	 3.9214 	 4.82758 
142500	 0.0302468 	 2.79339 	 2.73013 
142600	 0.024535 	 3.41273 	 3.84278 
142700	 0.0370132 	 3.60361 	 4.43752 
142800	 0.0281665 	 3.10717 	 3.99594 
142900	 0.0245771 	 3.18396 	 3.59676 
143000	 0.0278631 	 3.69268 	 4.16992 
143100	 0.0281835 	 2.92839 	 3.22457 
143200	 0.03619 	 3.21928 	 3.73536 
143300	 0.0233657 	 3.05671 	 3.8514 
143400	 0.0307533 	 3.22427 	 3.73328 
143500	 0.0245182 	 2.75057 	 3.21062 
143600	 0.0196141 	 3.61123 	 3.64509 
143700	 0.0395048 	 3.85572 	 4.6845 
143800	 0.0370171 	 3.736 	 3.55985 
143900	 0.0297153 	 3.05683 	 3.51065 
144000	 0.0241335 	 3.4481 	 4.12132 
144100	 0.02062 	 3.18998 	 3.91742 
144200	 0.0319653 	 3.05899 	 3.20079 
144300	 0.0334056 	 3.41602 	 3.61017 
144400	 0.0205121 	 4.00724 	 4.66024 
144500	 0.0329476 	 3.40909 	 3.81453 
144600	 0.0490194 	 2.73436 	 3.42052 
144700	 0.0275071 	 3.24098 	 3.54668 
144800	 0.0339423 	 2.87247 	 3.32929 
144900	 0.0407853 	 2.9328 	 3.35079 
145000	 0.0223629 	 3.61904 	 3.78828 
145100	 0.0293771 	 3.83029 	 4.47324 
145200	 0.0213226 	 3.37859 	 3.86564 
145300	 0.0441815 	 3.16207 	 3.65382 
145400	 0.0281396 	 4.06648 	 5.27663 
145500	 0.026601 	 4.09377 	 4.64259 
145600	 0.0356035 	 3.43576 	 3.73272 
145700	 0.0515008 	 2.8883 	 3.29694 
145800	 0.0371934 	 3.73304 	 4.42871 
145900	 0.0437832 	 3.12359 	 3.62668 
146000	 0.0243902 	 3.26866 	 3.65329 
146100	 0.045768 	 3.2238 	 3.98009 
146200	 0.0268676 	 3.53073 	 3.75903 
146300	 0.0145905 	 2.60237 	 2.94114 
146400	 0.0343475 	 3.14799 	 3.71989 
146500	 0.0362201 	 3.24142 	 3.2672 
146600	 0.0271497 	 3.58289 	 4.04084 
146700	 0.0284894 	 3.44034 	 4.18912 
146800	 0.0229087 	 3.23841 	 3.64525 
146900	 0.0250006 	 3.53029 	 3.95201 
147000	 0.0243446 	 3.02281 	 3.46578 
147100	 0.0276858 	 3.33134 	 4.07416 
147200	 0.0344542 	 3.36127 	 4.06329 
147300	 0.0237552 	 2.84545 	 2.61467 
147400	 0.0470522 	 3.42922 	 3.9895 
147500	 0.0337271 	 3.05453 	 3.18696 
147600	 0.030635 	 3.23716 	 3.87537 
147700	 0.0338067 	 3.56283 	 3.81435 
147800	 0.0333249 	 3.15291 	 3.79504 
147900	 0.0278214 	 3.06558 	 3.17358 
148000	 0.0292715 	 3.44257 	 3.9047 
148100	 0.0245902 	 4.19079 	 5.50725 
148200	 0.0310932 	 3.16586 	 3.68983 
148300	 0.0244889 	 3.23576 	 3.82286 
148400	 0.0303315 	 2.72424 	 3.29244 
148500	 0.025771 	 2.82617 	 3.19039 
148600	 0.031985 	 3.44783 	 3.41055 
148700	 0.0242586 	 2.87574 	 3.45135 
148800	 0.0324304 	 3.12114 	 3.98314 
148900	 0.0193374 	 3.42516 	 3.6543 
149000	 0.0218822 	 3.342 	 4.18061 
149100	 0.0200835 	 2.91405 	 3.37369 
149200	 0.0362728 	 3.45308 	 3.7876 
149300	 0.028981 	 2.53631 	 3.12993 
149400	 0.0300986 	 3.10997 	 4.22341 
149500	 0.027573 	 3.49921 	 3.61014 
149600	 0.032362 	 3.13361 	 2.95248 
149700	 0.025242 	 3.81113 	 4.71221 
149800	 0.0303423 	 3.43482 	 3.36204 
149900	 0.0433093 	 3.11562 	 4.01939 
150000	 0.0308946 	 3.13001 	 3.78764 
150100	 0.0314755 	 3.23932 	 3.65311 
150200	 0.0203313 	 2.51556 	 3.1065 
150300	 0.0358844 	 4.04567 	 4.87474 
150400	 0.0303848 	 3.0433 	 3.728 
150500	 0.0154393 	 3.46057 	 4.02774 
150600	 0.0179682 	 2.88625 	 3.363 
150700	 0.0338584 	 3.08742 	 3.60292 
150800	 0.0368434 	 3.0168 	 4.02452 
150900	 0.0318514 	 3.38394 	 3.40242 
151000	 0.0250499 	 2.98233 	 3.39257 
151100	 0.0284805 	 3.43854 	 4.338 
151200	 0.0309167 	 3.81024 	 4.62972 
151300	 0.0243832 	 3.39907 	 4.07645 
151400	 0.0157426 	 2.74117 	 3.13127 
151500	 0.0217486 	 3.38264 	 3.79077 
151600	 0.0447353 	 3.73535 	 4.5019 
151700	 0.0292805 	 3.51448 	 3.82592 
151800	 0.0253321 	 3.13124 	 3.48025 
151900	 0.0196318 	 3.60389 	 4.52587 
152000	 0.0313304 	 2.81106 	 3.25368 
152100	 0.0280299 	 3.30868 	 3.69424 
152200	 0.0292638 	 3.4092 	 3.59508 
152300	 0.0276473 	 3.28215 	 4.26377 
152400	 0.0259411 	 3.27777 	 3.5634 
152500	 0.0265848 	 3.31243 	 4.04763 
152600	 0.0207523 	 3.46785 	 3.89926 
152700	 0.0214144 	 3.18185 	 3.61903 
152800	 0.0280873 	 3.19696 	 3.35567 
152900	 0.025296 	 3.56022 	 3.96606 
153000	 0.031375 	 3.30718 	 3.77886 
153100	 0.0217075 	 2.92516 	 3.50647 
153200	 0.0453379 	 3.45875 	 4.22346 
153300	 0.0292038 	 3.01602 	 3.59656 
153400	 0.0281456 	 3.83394 	 3.64657 
153500	 0.0308625 	 4.01364 	 4.0941 
153600	 0.0359176 	 3.06245 	 3.16491 
153700	 0.02675 	 3.32475 	 3.95985 
153800	 0.025521 	 3.55786 	 4.04491 
153900	 0.0290382 	 3.22031 	 3.31863 
154000	 0.0298987 	 2.89105 	 2.93799 
154100	 0.019379 	 3.09458 	 3.70915 
154200	 0.0252988 	 2.72265 	 3.24713 
154300	 0.0238239 	 2.99561 	 3.2656 
154400	 0.0376181 	 2.98087 	 2.99753 
154500	 0.0533876 	 3.43538 	 3.46848 
154600	 0.0363835 	 3.28756 	 3.7455 
154700	 0.0228852 	 3.42381 	 4.34333 
154800	 0.0302406 	 2.92465 	 3.42336 
154900	 0.0357071 	 2.88094 	 2.69931 
155000	 0.0333428 	 3.0133 	 3.46522 
155100	 0.0301268 	 3.58388 	 4.24813 
155200	 0.0247283 	 2.56047 	 2.94183 
155300	 0.0203792 	 4.46387 	 5.52833 
155400	 0.0259639 	 3.1343 	 3.46936 
155500	 0.0253393 	 3.53532 	 4.28643 
155600	 0.0259505 	 3.09666 	 3.66252 
155700	 0.0269205 	 2.9487 	 3.58327 
155800	 0.0315312 	 2.79741 	 3.20587 
155900	 0.0209216 	 3.45552 	 3.9209 
156000	 0.0260197 	 3.72714 	 4.42759 
156100	 0.0230519 	 2.56811 	 3.08512 
156200	 0.0271623 	 3.45962 	 3.04065 
156300	 0.0272141 	 3.48029 	 4.23792 
156400	 0.0252038 	 3.87153 	 4.44837 
156500	 0.0310746 	 2.70102 	 3.06769 
156600	 0.0333434 	 3.21289 	 3.27396 
156700	 0.0283566 	 3.06474 	 3.63114 
156800	 0.0173015 	 3.50221 	 4.11945 
156900	 0.0242891 	 2.77908 	 2.82641 
157000	 0.030531 	 3.63277 	 3.74728 
157100	 0.0227996 	 3.49719 	 3.5828 
157200	 0.0281362 	 3.57761 	 4.27298 
157300	 0.0270729 	 2.86473 	 3.28783 
157400	 0.0248358 	 2.94021 	 3.65954 
157500	 0.0392484 	 3.99533 	 4.97753 
157600	 0.0203739 	 3.30565 	 3.57114 
157700	 0.0327796 	 4.2154 	 5.31442 
157800	 0.0213455 	 3.00937 	 3.30475 
157900	 0.0236815 	 3.09867 	 3.05003 
158000	 0.0322945 	 3.73799 	 4.96298 
158100	 0.0265465 	 3.45524 	 3.98107 
158200	 0.0358619 	 3.17486 	 3.5084 
158300	 0.0374405 	 3.63052 	 4.12616 
158400	 0.0214199 	 3.1443 	 3.74429 
158500	 0.0207824 	 3.73352 	 4.44532 
158600	 0.0365981 	 3.21125 	 3.66469 
158700	 0.0266638 	 3.00942 	 3.21988 
158800	 0.0227903 	 2.72037 	 3.22423 
158900	 0.0206005 	 3.0556 	 3.23505 
159000	 0.0207529 	 3.56774 	 3.94099 
159100	 0.0250287 	 3.44668 	 4.41294 
159200	 0.0161916 	 3.77166 	 3.66147 
159300	 0.025665 	 3.80593 	 4.3339 
159400	 0.0213195 	 3.38759 	 3.83713 
159500	 0.0333998 	 2.9011 	 3.15151 
159600	 0.0203945 	 3.37613 	 4.09618 
159700	 0.0583883 	 3.99195 	 4.64755 
159800	 0.0243059 	 3.75707 	 4.42466 
159900	 0.0217553 	 3.01216 	 3.4461 
160000	 0.0415571 	 3.03428 	 3.82675 
160100	 0.026254 	 3.13917 	 3.26679 
160200	 0.0354359 	 3.61639 	 4.08058 
160300	 0.0178744 	 3.84877 	 4.49518 
160400	 0.0256643 	 3.79018 	 4.5449 
160500	 0.0267619 	 3.27972 	 3.73742 
160600	 0.0137253 	 3.03839 	 3.6941 
160700	 0.0255952 	 3.7391 	 3.80965 
160800	 0.0395241 	 2.95548 	 3.34476 
160900	 0.0336637 	 3.35275 	 4.01994 
161000	 0.0461899 	 2.94096 	 3.06811 
161100	 0.0294205 	 3.19079 	 3.43828 
161200	 0.0214884 	 3.51039 	 4.52898 
161300	 0.0307998 	 3.31686 	 3.40876 
161400	 0.0325397 	 3.18805 	 3.52578 
161500	 0.030893 	 3.53495 	 4.24253 
161600	 0.0365513 	 3.3932 	 4.11372 
161700	 0.0170106 	 3.6123 	 4.08061 
161800	 0.0170851 	 3.12069 	 3.21596 
161900	 0.019816 	 3.07333 	 3.28118 
162000	 0.0174352 	 3.35576 	 3.64767 
162100	 0.032762 	 3.00844 	 3.71097 
162200	 0.0202063 	 3.91581 	 4.31936 
162300	 0.0445562 	 2.70446 	 2.78375 
162400	 0.0328074 	 3.7137 	 4.22614 
162500	 0.0219585 	 3.11979 	 3.26191 
162600	 0.0274776 	 3.45252 	 3.67036 
162700	 0.0247272 	 3.20738 	 3.37163 
162800	 0.0220586 	 3.67249 	 4.73787 
162900	 0.0225764 	 2.87812 	 3.44998 
163000	 0.0238728 	 2.94733 	 3.35631 
163100	 0.0158208 	 2.78483 	 3.37092 
163200	 0.0303938 	 2.71174 	 2.77327 
163300	 0.0248152 	 3.29782 	 3.65212 
163400	 0.0320916 	 3.50497 	 4.03635 
163500	 0.0276614 	 2.94545 	 3.67464 
163600	 0.041311 	 3.55002 	 4.5842 
163700	 0.0246265 	 3.2608 	 4.02621 
163800	 0.0250955 	 3.29672 	 3.61133 
163900	 0.0253802 	 3.01761 	 3.81318 
164000	 0.0206933 	 3.24625 	 3.19553 
164100	 0.0214888 	 3.23608 	 3.72076 
164200	 0.0327222 	 3.47198 	 3.63249 
164300	 0.0230411 	 3.9113 	 3.99337 
164400	 0.0244935 	 3.43206 	 3.49605 
164500	 0.0266293 	 3.19987 	 3.15707 
164600	 0.0181886 	 3.38095 	 3.84846 
164700	 0.0210195 	 3.3803 	 4.39356 
164800	 0.0349432 	 4.10298 	 4.34361 
164900	 0.0341578 	 3.12495 	 3.95265 
165000	 0.0288833 	 2.96704 	 3.2715 
165100	 0.0295229 	 3.12752 	 3.39566 
165200	 0.0204662 	 3.60903 	 4.00942 
165300	 0.033983 	 3.11398 	 3.06825 
165400	 0.030995 	 3.55619 	 3.69868 
165500	 0.0323128 	 2.80277 	 3.20215 
165600	 0.0358685 	 3.30428 	 3.51849 
165700	 0.0137948 	 3.10122 	 3.44371 
165800	 0.0268832 	 3.00409 	 3.12295 
165900	 0.0256426 	 3.70242 	 4.25015 
166000	 0.0258069 	 3.0289 	 3.03772 
166100	 0.0161288 	 3.12712 	 3.63192 
166200	 0.0361386 	 2.99373 	 3.05953 
166300	 0.0254905 	 3.10687 	 3.45733 
166400	 0.0302873 	 3.21923 	 3.44385 
166500	 0.0181958 	 3.29136 	 4.09131 
166600	 0.0221072 	 3.90566 	 4.88559 
166700	 0.0334654 	 3.04625 	 3.83226 
166800	 0.031609 	 3.69337 	 4.11924 
166900	 0.0324824 	 2.67072 	 2.78559 
167000	 0.0145166 	 2.28643 	 2.45978 
167100	 0.0300528 	 3.54575 	 4.49289 
167200	 0.0206638 	 3.11617 	 3.52212 
167300	 0.0336541 	 3.12582 	 3.31461 
167400	 0.0236864 	 3.27444 	 3.8712 
167500	 0.0193783 	 3.84584 	 3.9587 
167600	 0.0161283 	 3.57494 	 4.28662 
167700	 0.0385274 	 2.95754 	 3.61861 
167800	 0.0306356 	 2.82626 	 3.33052 
167900	 0.0196365 	 3.2817 	 3.97636 
168000	 0.0200549 	 2.95774 	 3.20036 
168100	 0.0312237 	 2.96598 	 3.07588 
168200	 0.0162801 	 3.1292 	 3.54996 
168300	 0.0271507 	 2.72592 	 3.09569 
168400	 0.0297461 	 2.5463 	 2.96964 
168500	 0.0497253 	 3.34393 	 3.64335 
168600	 0.0251164 	 2.96767 	 3.61832 
168700	 0.019501 	 2.97313 	 3.32315 
168800	 0.0345995 	 3.66935 	 4.19833 
168900	 0.0209573 	 3.42704 	 3.7083 
169000	 0.018171 	 3.11409 	 3.56257 
169100	 0.0328854 	 2.40506 	 2.55199 
169200	 0.0151158 	 2.90193 	 3.13219 
169300	 0.023544 	 2.74259 	 2.84896 
169400	 0.0227516 	 3.78275 	 4.44946 
169500	 0.0259198 	 3.05701 	 3.2114 
169600	 0.0307892 	 3.14039 	 4.02192 
169700	 0.0487992 	 3.49178 	 4.26249 
169800	 0.0294366 	 3.05168 	 3.49881 
169900	 0.036008 	 3.35422 	 3.86859 
170000	 0.0350121 	 3.23756 	 3.73152 
170100	 0.0209939 	 3.24292 	 3.85377 
170200	 0.0315367 	 3.17642 	 3.395 
170300	 0.0375756 	 3.11548 	 3.30483 
170400	 0.0350424 	 3.16239 	 3.25208 
170500	 0.0275166 	 3.1625 	 3.61057 
170600	 0.0245411 	 4.03844 	 4.59878 
170700	 0.0312606 	 3.13244 	 3.19325 
170800	 0.0285213 	 2.86826 	 3.57645 
170900	 0.0339788 	 3.96264 	 4.60919 
171000	 0.0358736 	 3.06491 	 3.39898 
171100	 0.0384662 	 3.01945 	 3.51751 
171200	 0.0304015 	 3.61527 	 4.01885 
171300	 0.0350678 	 2.94858 	 3.07974 
171400	 0.0360892 	 4.1123 	 5.26415 
171500	 0.0279447 	 3.11106 	 3.43396 
171600	 0.0154033 	 3.12532 	 3.46371 
171700	 0.0184017 	 2.93622 	 3.22141 
171800	 0.0210535 	 4.26968 	 4.70591 
171900	 0.0303984 	 2.97795 	 3.46246 
172000	 0.0375771 	 2.42527 	 2.02818 
172100	 0.0276994 	 3.13737 	 3.29326 
172200	 0.0247233 	 3.14353 	 4.19008 
172300	 0.0161713 	 3.41272 	 4.22657 
172400	 0.0191247 	 3.20861 	 3.70995 
172500	 0.0374032 	 3.30898 	 3.81975 
172600	 0.0213334 	 2.90058 	 3.67765 
172700	 0.0423776 	 3.65494 	 4.26905 
172800	 0.0287217 	 3.41349 	 3.57605 
172900	 0.0208872 	 3.15562 	 3.41227 
173000	 0.0273125 	 3.02792 	 3.36356 
173100	 0.027132 	 3.15953 	 3.55668 
173200	 0.0260547 	 3.90985 	 4.47887 
173300	 0.0234961 	 3.99328 	 4.81601 
173400	 0.0233895 	 3.09653 	 3.36753 
173500	 0.0229844 	 3.02617 	 3.70584 
173600	 0.016921 	 3.09746 	 3.81423 
173700	 0.0288851 	 3.46113 	 3.78542 
173800	 0.0227199 	 2.86081 	 3.07666 
173900	 0.0215131 	 3.00259 	 3.31943 
174000	 0.0257958 	 3.24261 	 3.96601 
174100	 0.0294882 	 3.27436 	 3.87868 
174200	 0.0238419 	 2.93374 	 3.73178 
174300	 0.0195903 	 3.31572 	 3.46257 
174400	 0.0418468 	 2.79935 	 3.26901 
174500	 0.0219187 	 3.51225 	 4.17058 
174600	 0.0294956 	 4.02946 	 4.81129 
174700	 0.0247566 	 3.5315 	 3.93439 
174800	 0.0269052 	 3.26362 	 3.17507 
174900	 0.0289474 	 3.63148 	 4.29028 
175000	 0.0282618 	 2.81699 	 2.83151 
175100	 0.0275385 	 2.92935 	 3.01523 
175200	 0.0225707 	 3.09805 	 3.42923 
175300	 0.0420706 	 2.93422 	 3.56873 
175400	 0.0301503 	 3.12405 	 3.44059 
175500	 0.0117113 	 2.72047 	 3.1944 
175600	 0.041721 	 3.23379 	 3.63031 
175700	 0.0236598 	 3.2105 	 3.59225 
175800	 0.0367126 	 3.43741 	 4.39255 
175900	 0.0275215 	 3.15278 	 3.69804 
176000	 0.0264743 	 3.30046 	 3.8804 
176100	 0.0246164 	 3.49535 	 3.74395 
176200	 0.0377085 	 3.06683 	 3.44483 
176300	 0.0252253 	 3.24482 	 3.38774 
176400	 0.034356 	 3.35519 	 3.73521 
176500	 0.0376974 	 2.87235 	 3.27199 
176600	 0.0264491 	 3.42714 	 3.66066 
176700	 0.0222532 	 4.26243 	 5.68707 
176800	 0.0347426 	 2.91367 	 3.19442 
176900	 0.0378342 	 2.77404 	 2.61441 
177000	 0.0284265 	 3.38349 	 3.99118 
177100	 0.0248934 	 3.00817 	 3.18201 
177200	 0.0294831 	 4.05584 	 5.16474 
177300	 0.0218146 	 3.20756 	 3.11995 
177400	 0.0175415 	 2.56642 	 2.71344 
177500	 0.0171795 	 3.10738 	 3.61367 
177600	 0.0217961 	 3.61553 	 3.84602 
177700	 0.0358795 	 3.43561 	 4.27813 
177800	 0.0289463 	 3.33548 	 3.88483 
177900	 0.0179822 	 3.08334 	 3.56098 
178000	 0.0206175 	 2.46114 	 2.78833 
178100	 0.0459506 	 3.39412 	 3.73024 
178200	 0.0213523 	 2.94154 	 3.08767 
178300	 0.0295752 	 3.38471 	 4.05244 
178400	 0.0320175 	 3.30117 	 3.83442 
178500	 0.0447017 	 3.45188 	 4.13973 
178600	 0.0238577 	 2.40526 	 2.65986 
178700	 0.0239177 	 3.32919 	 3.68442 
178800	 0.0162085 	 2.9029 	 2.83677 
178900	 0.0311039 	 3.9001 	 4.41475 
179000	 0.0314591 	 4.09303 	 5.17825 
179100	 0.0191751 	 3.06483 	 3.43758 
179200	 0.030794 	 3.60969 	 3.75462 
179300	 0.0247116 	 3.62225 	 4.39357 
179400	 0.025184 	 2.89802 	 3.26678 
179500	 0.0184148 	 3.09034 	 3.18087 
179600	 0.030237 	 3.82284 	 4.57531 
179700	 0.0179538 	 2.82642 	 3.11807 
179800	 0.0212021 	 2.93584 	 3.19846 
179900	 0.0220267 	 3.87633 	 4.38232 
180000	 0.0224057 	 4.51501 	 4.78026 
180100	 0.0228181 	 3.282 	 3.95513 
180200	 0.0342186 	 2.99752 	 3.5675 
180300	 0.0314268 	 2.63132 	 3.13088 
180400	 0.0290063 	 3.17021 	 3.55578 
180500	 0.0306862 	 2.90246 	 3.35128 
180600	 0.0335643 	 3.05883 	 3.35315 
180700	 0.02592 	 2.49102 	 2.78278 
180800	 0.0306542 	 3.08204 	 3.28834 
180900	 0.0184855 	 3.25241 	 3.61738 
181000	 0.0383523 	 3.01385 	 3.29457 
181100	 0.0174431 	 3.19683 	 3.52311 
181200	 0.0188757 	 3.64185 	 4.00267 
181300	 0.0238363 	 3.27444 	 3.59249 
181400	 0.0244693 	 3.58452 	 4.25288 
181500	 0.0419585 	 2.99245 	 3.55883 
181600	 0.0376758 	 3.94655 	 4.65893 
181700	 0.0261829 	 2.82375 	 3.16334 
181800	 0.0284232 	 3.35105 	 3.99907 
181900	 0.0296696 	 3.32566 	 3.80161 
182000	 0.0211125 	 3.33161 	 3.75063 
182100	 0.0253062 	 2.83711 	 2.997 
182200	 0.0210447 	 3.06993 	 3.3991 
182300	 0.0397714 	 3.15822 	 3.39547 
182400	 0.0367759 	 2.92151 	 3.34911 
182500	 0.0272632 	 3.17451 	 3.83534 
182600	 0.0337685 	 3.29832 	 3.92229 
182700	 0.0196264 	 3.10482 	 3.46856 
182800	 0.0249876 	 3.13041 	 3.28284 
182900	 0.0241219 	 2.72404 	 3.34221 
183000	 0.0399766 	 3.55534 	 4.32655 
183100	 0.0311949 	 2.73714 	 3.00262 
183200	 0.0224374 	 3.28675 	 3.7224 
183300	 0.0291717 	 3.59819 	 4.60796 
183400	 0.0168915 	 2.89124 	 2.82818 
183500	 0.0551686 	 3.5527 	 4.61057 
183600	 0.028534 	 3.36382 	 3.96158 
183700	 0.0156561 	 2.73747 	 2.99079 
183800	 0.0145834 	 3.38251 	 4.06401 
183900	 0.0242721 	 3.22263 	 3.59348 
184000	 0.0146582 	 3.47595 	 4.09329 
184100	 0.0238367 	 2.86361 	 3.13822 
184200	 0.0217655 	 3.44806 	 3.31919 
184300	 0.0200605 	 3.75174 	 3.91545 
184400	 0.0175463 	 3.37827 	 3.73899 
184500	 0.0187175 	 3.07028 	 3.3348 
184600	 0.041873 	 3.92134 	 4.87996 
184700	 0.0285842 	 3.39658 	 3.9443 
184800	 0.0351904 	 3.70384 	 4.55906 
184900	 0.019913 	 3.15085 	 3.60914 
185000	 0.0276676 	 3.2067 	 3.87775 
185100	 0.0218277 	 3.36414 	 3.52549 
185200	 0.0240459 	 3.20705 	 3.39328 
185300	 0.0303164 	 2.95554 	 3.54425 
185400	 0.024789 	 2.61209 	 3.02418 
185500	 0.0272315 	 3.10786 	 3.4067 
185600	 0.0307335 	 3.29941 	 4.01311 
185700	 0.0236126 	 3.2197 	 3.36452 
185800	 0.0373272 	 3.23745 	 3.43112 
185900	 0.0225714 	 3.35049 	 3.96569 
186000	 0.0294941 	 2.67473 	 2.89023 
186100	 0.0194269 	 3.359 	 3.92561 
186200	 0.0241799 	 3.01753 	 2.9945 
186300	 0.0213963 	 3.25171 	 3.85686 
186400	 0.0208056 	 3.18873 	 3.80415 
186500	 0.0221612 	 3.38606 	 3.3178 
186600	 0.0254098 	 3.11458 	 3.56439 
186700	 0.0179921 	 3.2909 	 3.21328 
186800	 0.0199577 	 2.92331 	 3.61491 
186900	 0.022838 	 3.67395 	 4.52412 
187000	 0.0225566 	 3.43049 	 4.00075 
187100	 0.0186999 	 2.62268 	 2.81855 
187200	 0.026876 	 2.68039 	 3.10446 
187300	 0.0206004 	 2.79307 	 3.46786 
187400	 0.0339395 	 3.38332 	 4.25383 
187500	 0.0195774 	 3.40016 	 4.15557 
187600	 0.0312323 	 3.64108 	 4.31366 
187700	 0.0167797 	 2.65967 	 2.96205 
187800	 0.0254095 	 3.07452 	 3.6685 
187900	 0.0291839 	 3.1685 	 4.04765 
188000	 0.0244438 	 3.42004 	 4.24854 
188100	 0.0214666 	 2.82374 	 3.06594 
188200	 0.0173169 	 3.09117 	 3.3005 
188300	 0.0247784 	 2.88355 	 3.35529 
188400	 0.018098 	 3.27361 	 4.10687 
188500	 0.021581 	 3.26153 	 3.50218 
188600	 0.0196035 	 3.70316 	 4.27149 
188700	 0.0267297 	 3.329 	 2.74579 
188800	 0.016656 	 3.70446 	 4.15248 
188900	 0.0226283 	 3.16693 	 3.40215 
189000	 0.0378501 	 3.42521 	 4.1371 
189100	 0.015924 	 3.25284 	 3.58366 
189200	 0.0179368 	 3.00993 	 3.2803 
189300	 0.0370371 	 3.52555 	 4.28816 
189400	 0.0327063 	 2.95482 	 3.53148 
189500	 0.0228281 	 2.99203 	 3.68237 
189600	 0.022214 	 3.20857 	 3.45998 
189700	 0.0166867 	 3.85535 	 4.84074 
189800	 0.0237325 	 3.04747 	 3.40827 
189900	 0.0321865 	 3.46587 	 3.49499 
190000	 0.0271475 	 3.18464 	 3.55964 
190100	 0.0130447 	 2.92029 	 3.06306 
190200	 0.0347274 	 3.07081 	 3.30531 
190300	 0.031556 	 2.98509 	 2.92543 
190400	 0.0253575 	 4.04522 	 5.43097 
190500	 0.0192845 	 3.36312 	 3.91808 
190600	 0.0164795 	 3.0223 	 3.19289 
190700	 0.0208685 	 2.75606 	 2.90549 
190800	 0.0258134 	 2.95855 	 3.72143 
190900	 0.0308543 	 3.28667 	 3.78725 
191000	 0.0365545 	 3.06609 	 3.79266 
191100	 0.0229769 	 2.94891 	 3.24797 
191200	 0.0149975 	 2.98893 	 3.56437 
191300	 0.0326604 	 3.10237 	 3.64751 
191400	 0.0315902 	 3.33292 	 3.82473 
191500	 0.0454452 	 3.07007 	 3.20275 
191600	 0.0433901 	 3.26638 	 3.96444 
191700	 0.033104 	 3.68075 	 4.58894 
191800	 0.0257726 	 3.46555 	 3.67649 
191900	 0.0226213 	 2.76857 	 2.90154 
192000	 0.0194297 	 2.91559 	 3.18183 
192100	 0.0171209 	 2.78505 	 3.41243 
192200	 0.0326748 	 3.33923 	 3.9075 
192300	 0.0201483 	 3.00504 	 3.39707 
192400	 0.0171139 	 2.906 	 3.45889 
192500	 0.0164908 	 4.45965 	 5.38831 
192600	 0.0318662 	 3.5553 	 4.09755 
192700	 0.0380012 	 3.18953 	 3.68077 
192800	 0.0172066 	 3.42081 	 3.52977 
192900	 0.0202479 	 2.96261 	 2.82903 
193000	 0.0233098 	 3.18067 	 3.39887 
193100	 0.0298723 	 3.06146 	 3.52865 
193200	 0.0208165 	 2.8835 	 3.37914 
193300	 0.0210074 	 3.34886 	 4.16846 
193400	 0.0202269 	 2.84437 	 3.84604 
193500	 0.0366977 	 2.77192 	 3.47025 
193600	 0.0250556 	 3.82317 	 4.80591 
193700	 0.0191987 	 3.37539 	 3.40972 
193800	 0.0356019 	 3.12132 	 3.4002 
193900	 0.028521 	 3.53995 	 3.86686 
194000	 0.0430311 	 3.32643 	 3.74277 
194100	 0.0243544 	 3.215 	 3.562 
194200	 0.0397102 	 3.91149 	 4.26394 
194300	 0.0247577 	 2.81694 	 3.14896 
194400	 0.0352758 	 3.16477 	 3.60339 
194500	 0.0204294 	 3.51513 	 4.1071 
194600	 0.0166969 	 3.21293 	 3.17393 
194700	 0.028661 	 3.68901 	 4.51519 
194800	 0.0321019 	 2.90679 	 3.34562 
194900	 0.0307213 	 2.90624 	 3.24678 
195000	 0.0328508 	 3.46938 	 4.09371 
195100	 0.02806 	 3.24103 	 3.37214 
195200	 0.021247 	 2.84246 	 2.86351 
195300	 0.0314486 	 3.1343 	 3.26075 
195400	 0.0187321 	 3.03443 	 3.38489 
195500	 0.0353178 	 2.88507 	 3.04033 
195600	 0.0283636 	 3.43691 	 4.24352 
195700	 0.0278194 	 2.99354 	 3.31109 
195800	 0.0299812 	 3.00676 	 3.56793 
195900	 0.039296 	 3.14964 	 3.72218 
196000	 0.0283363 	 3.34509 	 3.36501 
196100	 0.0389135 	 3.1333 	 3.32057 
196200	 0.0274592 	 3.50233 	 4.49795 
196300	 0.0178217 	 3.20031 	 3.56055 
196400	 0.0194445 	 3.17639 	 3.68107 
196500	 0.0318055 	 3.0658 	 3.62123 
196600	 0.031268 	 2.69973 	 3.19517 
196700	 0.0228987 	 3.71312 	 4.24959 
196800	 0.0168653 	 3.05212 	 3.29346 
196900	 0.0283673 	 3.36408 	 3.33984 
197000	 0.0295278 	 3.77433 	 4.42085 
197100	 0.0235416 	 3.42977 	 4.3126 
197200	 0.0342192 	 3.00559 	 3.34577 
197300	 0.0163241 	 2.87314 	 3.13702 
197400	 0.0291628 	 3.77094 	 4.68779 
197500	 0.0200296 	 3.39196 	 3.90063 
197600	 0.0348042 	 3.12914 	 3.43906 
197700	 0.0187504 	 3.26758 	 3.8487 
197800	 0.0265908 	 3.11838 	 3.35867 
197900	 0.0210826 	 3.27632 	 3.92058 
198000	 0.03668 	 3.6487 	 4.70627 
198100	 0.0217366 	 2.39233 	 2.51027 
198200	 0.0297611 	 3.62662 	 3.36569 
198300	 0.0220166 	 3.19058 	 3.62366 
198400	 0.0335856 	 2.8063 	 3.37057 
198500	 0.0187015 	 3.21417 	 3.81902 
198600	 0.0197681 	 3.09971 	 3.53356 
198700	 0.0278993 	 3.99611 	 4.41483 
198800	 0.0181838 	 2.97727 	 3.10148 
198900	 0.0264602 	 3.79529 	 4.14189 
199000	 0.0238959 	 3.71072 	 4.31343 
199100	 0.040768 	 3.60917 	 4.2058 
199200	 0.0275709 	 3.09289 	 3.51083 
199300	 0.0190378 	 2.82959 	 2.96315 
199400	 0.027966 	 3.2632 	 3.77885 
199500	 0.0257397 	 3.47212 	 4.21899 
199600	 0.0246458 	 3.20587 	 3.74447 
199700	 0.0250993 	 3.18978 	 3.86008 
199800	 0.0200255 	 2.98384 	 2.55509 
199900	 0.0326019 	 2.90079 	 3.33893 
200000	 0.0286239 	 3.62947 	 4.00662 
200100	 0.0182434 	 2.84132 	 2.75761 
200200	 0.0345334 	 2.90724 	 3.23891 
200300	 0.0312089 	 3.51903 	 4.32287 
200400	 0.0162449 	 4.20792 	 4.71501 
200500	 0.0340513 	 3.48249 	 3.81621 
200600	 0.0396126 	 2.93526 	 3.48538 
200700	 0.0449919 	 2.79561 	 2.79164 
200800	 0.0421466 	 2.98223 	 3.70812 
200900	 0.0257962 	 3.47622 	 3.80392 
201000	 0.0349015 	 3.07065 	 3.14443 
201100	 0.0203054 	 3.96876 	 4.93599 
201200	 0.0318428 	 2.95103 	 3.06474 
201300	 0.0186721 	 3.27362 	 3.73419 
201400	 0.0428527 	 3.35036 	 3.85375 
201500	 0.0264583 	 2.9727 	 3.67667 
201600	 0.0303228 	 3.43796 	 4.14265 
201700	 0.0294176 	 3.05489 	 3.91737 
201800	 0.0168606 	 2.97169 	 3.65347 
201900	 0.0279662 	 2.88639 	 2.93572 
202000	 0.0208372 	 2.83993 	 3.06152 
202100	 0.0109635 	 2.78739 	 2.8493 
202200	 0.0303304 	 3.14189 	 3.65065 
202300	 0.0271785 	 3.18781 	 4.02419 
202400	 0.0503519 	 3.09903 	 3.57073 
202500	 0.0404271 	 3.20674 	 3.78968 
202600	 0.0193156 	 3.46523 	 4.29263 
202700	 0.022562 	 2.547 	 2.86092 
202800	 0.0192259 	 4.1347 	 3.87004 
202900	 0.0274504 	 3.39609 	 4.16861 
203000	 0.0302376 	 3.12296 	 3.26688 
203100	 0.0257737 	 3.73638 	 4.29248 
203200	 0.0251564 	 3.45219 	 3.61229 
203300	 0.0270406 	 3.23416 	 3.80042 
203400	 0.0319569 	 3.18843 	 3.53495 
203500	 0.0196887 	 3.32456 	 3.90098 
203600	 0.0271771 	 2.80398 	 3.09028 
203700	 0.0253027 	 2.74617 	 3.20912 
203800	 0.0152332 	 3.65739 	 4.55905 
203900	 0.0194445 	 2.80243 	 2.94744 
204000	 0.0165983 	 2.79255 	 3.13654 
204100	 0.0206818 	 3.01845 	 3.29205 
204200	 0.0248307 	 3.72006 	 3.819 
204300	 0.0212645 	 3.08015 	 3.91871 
204400	 0.0175975 	 3.9211 	 4.40478 
204500	 0.0298393 	 3.28258 	 3.78347 
204600	 0.0245115 	 3.55934 	 4.02699 
204700	 0.0250906 	 3.31494 	 3.67483 
204800	 0.0220661 	 3.13656 	 3.38836 
204900	 0.0154482 	 2.95043 	 3.02983 
205000	 0.027301 	 3.86284 	 4.73215 
205100	 0.0227925 	 2.5602 	 2.63021 
205200	 0.0213067 	 2.7042 	 2.91937 
205300	 0.023841 	 3.20538 	 3.47149 
205400	 0.0375536 	 3.01584 	 3.76221 
205500	 0.0247328 	 2.60562 	 3.11093 
205600	 0.0184832 	 3.57862 	 4.1852 
205700	 0.0306161 	 3.05249 	 3.13476 
205800	 0.0241765 	 2.67664 	 2.8717 
205900	 0.0209169 	 3.00211 	 3.46077 
206000	 0.0182642 	 3.26482 	 3.1554 
206100	 0.0182681 	 3.48173 	 3.75739 
206200	 0.0190336 	 2.71004 	 3.21913 
206300	 0.02581 	 2.79902 	 2.82197 
206400	 0.0197854 	 3.35099 	 4.02839 
206500	 0.0215398 	 3.09354 	 3.29382 
206600	 0.0284293 	 2.26206 	 2.30426 
206700	 0.0187717 	 3.31969 	 3.29245 
206800	 0.022591 	 3.08579 	 3.44551 
206900	 0.0159426 	 3.08707 	 3.72932 
207000	 0.0296157 	 2.88687 	 3.51099 
207100	 0.0182288 	 3.70338 	 4.60738 
207200	 0.0252277 	 3.29334 	 3.79791 
207300	 0.012231 	 3.00625 	 3.98194 
207400	 0.0287446 	 2.85018 	 3.08462 
207500	 0.0203834 	 3.01825 	 3.45548 
207600	 0.0135149 	 3.09648 	 3.84443 
207700	 0.0259296 	 2.97936 	 3.5894 
207800	 0.0318035 	 2.65891 	 3.03326 
207900	 0.0300169 	 3.48941 	 4.16273 
208000	 0.0303287 	 3.59506 	 4.27468 
208100	 0.0359176 	 2.61641 	 3.14522 
208200	 0.0237365 	 2.79049 	 2.93524 
208300	 0.028502 	 3.45106 	 3.65659 
208400	 0.0170844 	 3.05354 	 3.6515 
208500	 0.0256497 	 2.83023 	 3.41027 
208600	 0.0157784 	 2.85784 	 3.50711 
208700	 0.0301738 	 2.87593 	 2.98158 
208800	 0.0334535 	 3.42045 	 3.26873 
208900	 0.0216394 	 3.6757 	 3.84857 
209000	 0.033691 	 3.9759 	 4.30222 
209100	 0.0229552 	 3.50238 	 3.36713 
209200	 0.027079 	 3.3952 	 3.97779 
209300	 0.0239887 	 3.29777 	 3.90091 
209400	 0.0251677 	 3.59756 	 4.03631 
209500	 0.0268494 	 3.68789 	 3.98118 
209600	 0.0187266 	 2.92477 	 3.23253 
209700	 0.0282097 	 3.68082 	 4.90123 
209800	 0.0256022 	 3.31148 	 4.29452 
209900	 0.0259561 	 3.56119 	 3.83666 
210000	 0.039533 	 2.90625 	 3.49598 
210100	 0.0434631 	 3.29127 	 3.85229 
210200	 0.0197503 	 2.91376 	 3.18656 
210300	 0.0251365 	 2.97174 	 3.44571 
210400	 0.0214299 	 3.62033 	 3.51921 
210500	 0.0153234 	 3.11735 	 3.39975 
