0	 0.66612 	 100.848 	 49.7604 
100	 0.323396 	 32.6116 	 37.8446 
200	 0.201995 	 25.3879 	 28.9459 
300	 0.207244 	 23.1637 	 26.4586 
400	 0.202815 	 17.0847 	 19.1355 
500	 0.204646 	 18.3996 	 19.6491 
600	 0.157151 	 15.9004 	 16.4344 
700	 0.128699 	 13.872 	 14.5843 
800	 0.175329 	 13.8994 	 13.1667 
900	 0.132569 	 14.7019 	 13.7725 
1000	 0.124309 	 13.6043 	 14.0073 
1100	 0.119222 	 12.3829 	 12.82 
1200	 0.122134 	 12.1058 	 11.4006 
1300	 0.129129 	 12.2706 	 12.6072 
1400	 0.122705 	 11.375 	 11.6605 
1500	 0.104611 	 10.4992 	 10.9537 
1600	 0.11355 	 10.6768 	 11.1309 
1700	 0.102074 	 10.063 	 11.5472 
1800	 0.10536 	 11.1584 	 10.1771 
1900	 0.0870512 	 9.85936 	 10.3866 
2000	 0.0968127 	 9.66747 	 8.84951 
2100	 0.102231 	 9.81525 	 11.261 
2200	 0.129837 	 9.50879 	 9.42692 
2300	 0.105823 	 10.33 	 8.486 
2400	 0.100986 	 8.35882 	 7.93578 
2500	 0.0905158 	 8.42307 	 7.99138 
2600	 0.120195 	 8.57855 	 8.70438 
2700	 0.111132 	 8.25427 	 8.95097 
2800	 0.108097 	 8.22931 	 8.44127 
2900	 0.0769394 	 8.04641 	 8.18037 
3000	 0.0866129 	 7.81794 	 8.1751 
3100	 0.099708 	 7.60038 	 9.00293 
3200	 0.0664276 	 8.18094 	 8.79738 
3300	 0.0830003 	 8.83465 	 8.05566 
3400	 0.0699621 	 7.86453 	 7.93909 
3500	 0.0642806 	 8.66018 	 7.71075 
3600	 0.0835361 	 8.20116 	 7.82667 
3700	 0.0826797 	 7.94816 	 8.0993 
3800	 0.11121 	 7.46377 	 8.38203 
3900	 0.0810002 	 6.87636 	 6.90139 
4000	 0.0973184 	 5.59041 	 6.65292 
4100	 0.0822615 	 7.57182 	 7.94193 
4200	 0.0809703 	 7.89779 	 6.69551 
4300	 0.0577257 	 6.70007 	 7.27617 
4400	 0.07046 	 7.11161 	 6.71383 
4500	 0.0849809 	 7.01713 	 8.56025 
4600	 0.0879921 	 6.41202 	 7.41945 
4700	 0.0776597 	 5.68146 	 6.5315 
4800	 0.109914 	 6.28956 	 5.68182 
4900	 0.0651646 	 6.48946 	 6.32114 
5000	 0.0921054 	 6.71275 	 7.65492 
5100	 0.0682622 	 7.87949 	 9.55517 
5200	 0.104608 	 7.10366 	 7.37859 
5300	 0.0923821 	 5.89431 	 6.48952 
5400	 0.0825805 	 5.6888 	 5.64464 
5500	 0.0719285 	 6.26062 	 5.90785 
5600	 0.0636999 	 5.54088 	 6.15394 
5700	 0.0621617 	 5.36591 	 5.67024 
5800	 0.0810599 	 5.40434 	 5.09708 
5900	 0.0688589 	 6.1119 	 6.20617 
6000	 0.0480867 	 5.84789 	 6.77971 
6100	 0.0838773 	 5.16042 	 5.85652 
6200	 0.0850695 	 5.66648 	 5.78554 
6300	 0.0693363 	 4.86382 	 5.3219 
6400	 0.0786992 	 6.3423 	 6.53595 
6500	 0.0725138 	 5.36422 	 6.09396 
6600	 0.082624 	 6.23841 	 7.29874 
6700	 0.0604604 	 4.4977 	 4.86609 
6800	 0.0800998 	 5.23689 	 5.20304 
6900	 0.0475474 	 5.21616 	 5.2635 
7000	 0.0691362 	 5.79684 	 5.37896 
7100	 0.0470812 	 5.83255 	 6.81999 
7200	 0.0474257 	 5.75667 	 6.21484 
7300	 0.064339 	 5.38885 	 5.60781 
7400	 0.105638 	 4.94945 	 5.18572 
7500	 0.0658261 	 4.89435 	 5.50178 
7600	 0.0511967 	 4.93957 	 4.93494 
7700	 0.0730052 	 4.18347 	 4.61217 
7800	 0.0633645 	 5.00248 	 5.27584 
7900	 0.0674015 	 5.31077 	 5.68053 
8000	 0.0876305 	 5.72213 	 5.03712 
8100	 0.0781116 	 4.84533 	 4.91988 
8200	 0.0723175 	 4.69446 	 4.76802 
8300	 0.0489094 	 4.53332 	 5.07753 
8400	 0.0683577 	 4.77875 	 4.65778 
8500	 0.0707737 	 5.16302 	 5.58971 
8600	 0.0658611 	 5.44911 	 5.7001 
8700	 0.0520825 	 5.16604 	 6.28697 
8800	 0.076325 	 4.22823 	 3.7749 
8900	 0.0532939 	 5.01284 	 4.96299 
9000	 0.0433307 	 4.39458 	 3.97992 
9100	 0.0675877 	 4.87991 	 4.91008 
9200	 0.0619929 	 4.52364 	 4.83582 
9300	 0.0534611 	 5.70392 	 5.73717 
9400	 0.0884547 	 4.72591 	 4.84448 
9500	 0.0788244 	 6.0927 	 5.92695 
9600	 0.0702532 	 4.39591 	 4.73647 
9700	 0.0569722 	 4.39951 	 4.70361 
9800	 0.0647634 	 4.0302 	 3.80045 
9900	 0.0645961 	 5.13411 	 6.14921 
10000	 0.0579122 	 4.77404 	 5.48287 
10100	 0.0657264 	 4.10649 	 4.23451 
10200	 0.0552213 	 5.09939 	 5.938 
10300	 0.0539317 	 4.1463 	 4.85158 
10400	 0.0384526 	 4.22611 	 4.41835 
10500	 0.0447347 	 4.50534 	 4.85576 
10600	 0.0647691 	 5.03711 	 5.50658 
10700	 0.0482496 	 4.15392 	 4.27997 
10800	 0.0329055 	 4.80136 	 5.24012 
10900	 0.0588182 	 3.8213 	 4.34208 
11000	 0.0785436 	 4.24588 	 3.83449 
11100	 0.074712 	 5.07076 	 5.6181 
11200	 0.0454995 	 4.37167 	 4.25722 
11300	 0.0591597 	 4.03501 	 4.59599 
11400	 0.0517699 	 5.50691 	 5.74544 
11500	 0.0794071 	 4.31039 	 4.80832 
11600	 0.0606217 	 4.4559 	 4.67432 
11700	 0.0681159 	 4.2683 	 3.95735 
11800	 0.0447234 	 5.12684 	 5.30538 
11900	 0.0884793 	 4.30623 	 4.84122 
12000	 0.0563319 	 4.52379 	 4.83916 
12100	 0.0659779 	 5.13387 	 6.27958 
12200	 0.0421556 	 4.20567 	 4.8945 
12300	 0.0406523 	 4.43125 	 4.55143 
12400	 0.0815806 	 5.48029 	 6.62607 
12500	 0.0324006 	 4.31998 	 4.25931 
12600	 0.0594009 	 3.92892 	 4.41937 
12700	 0.0478867 	 3.76972 	 3.74368 
12800	 0.053504 	 5.16755 	 5.59506 
12900	 0.0515621 	 4.39398 	 4.53051 
13000	 0.0573989 	 4.15398 	 4.70318 
13100	 0.0533532 	 3.93634 	 3.96667 
13200	 0.0630997 	 3.88948 	 4.05698 
13300	 0.0751683 	 3.73428 	 3.26675 
13400	 0.0522533 	 4.30608 	 4.10003 
13500	 0.0678816 	 4.37891 	 4.21605 
13600	 0.0378473 	 3.80186 	 4.26536 
13700	 0.0718461 	 4.23568 	 4.74319 
13800	 0.0572487 	 4.21283 	 4.76338 
13900	 0.0446121 	 3.81511 	 3.39672 
14000	 0.0389517 	 4.38784 	 4.83239 
14100	 0.0451657 	 3.94459 	 4.1315 
14200	 0.0390444 	 3.97635 	 4.38576 
14300	 0.0419444 	 4.38051 	 4.28261 
14400	 0.0444344 	 3.61478 	 4.00453 
14500	 0.0565515 	 4.54778 	 5.10458 
14600	 0.0391998 	 3.94314 	 4.58862 
14700	 0.0553911 	 4.84099 	 5.14582 
14800	 0.0386335 	 4.7825 	 6.23815 
14900	 0.0557701 	 4.0253 	 4.68963 
15000	 0.0637646 	 4.17841 	 4.56301 
15100	 0.037704 	 3.73372 	 4.15857 
15200	 0.0467714 	 4.78928 	 4.787 
15300	 0.0546477 	 3.87071 	 4.32996 
15400	 0.0512449 	 4.35539 	 4.4921 
15500	 0.0625801 	 3.09608 	 3.59253 
15600	 0.0473185 	 4.25565 	 4.33781 
15700	 0.0555372 	 4.55424 	 4.65515 
15800	 0.0581884 	 4.48779 	 4.78468 
15900	 0.0370745 	 3.44417 	 3.76328 
16000	 0.0523318 	 4.06272 	 4.88473 
16100	 0.0575409 	 4.92131 	 5.16499 
16200	 0.0549604 	 4.11033 	 4.52611 
16300	 0.0422575 	 4.75094 	 5.59238 
16400	 0.0420874 	 5.52077 	 6.54772 
16500	 0.0489474 	 5.1386 	 6.17258 
16600	 0.0506857 	 3.9046 	 4.51333 
16700	 0.0306969 	 3.51204 	 3.46977 
16800	 0.0376025 	 3.26654 	 3.48496 
16900	 0.0365547 	 3.5844 	 3.66053 
17000	 0.0468652 	 3.42003 	 3.1228 
17100	 0.0309206 	 3.499 	 4.0181 
17200	 0.0477219 	 3.9353 	 4.5586 
17300	 0.0524762 	 4.0443 	 4.70963 
17400	 0.0690266 	 3.73563 	 3.93753 
17500	 0.0524207 	 3.89767 	 3.93526 
17600	 0.0450523 	 3.46697 	 3.36395 
17700	 0.0568047 	 3.99035 	 4.08549 
17800	 0.0585685 	 4.72804 	 5.78238 
17900	 0.0415892 	 3.58693 	 3.61476 
18000	 0.0484224 	 3.94353 	 4.14727 
18100	 0.0466596 	 3.82804 	 4.37525 
18200	 0.0522388 	 4.26297 	 5.02418 
18300	 0.0696519 	 4.30114 	 4.86227 
18400	 0.0534406 	 4.22452 	 4.67209 
18500	 0.0548031 	 4.40235 	 4.73024 
18600	 0.02611 	 4.11707 	 5.29275 
18700	 0.0639362 	 3.98382 	 4.7565 
18800	 0.0293514 	 3.78481 	 3.80432 
18900	 0.049109 	 3.93729 	 4.14872 
19000	 0.0398748 	 3.53123 	 4.28607 
19100	 0.0464195 	 4.28413 	 4.56403 
19200	 0.0507545 	 3.92495 	 4.94159 
19300	 0.0693569 	 4.23983 	 4.67781 
19400	 0.0492279 	 4.48996 	 4.81988 
19500	 0.0494827 	 3.5303 	 3.87652 
19600	 0.0440405 	 4.46168 	 4.92853 
19700	 0.0403069 	 3.68103 	 4.03819 
19800	 0.0367618 	 3.71523 	 3.68778 
19900	 0.0461191 	 3.51578 	 3.13401 
20000	 0.0392605 	 3.86605 	 4.47503 
20100	 0.0653834 	 3.94694 	 4.00828 
20200	 0.0466193 	 3.41045 	 3.2794 
20300	 0.0426729 	 4.3888 	 5.35759 
20400	 0.0600086 	 3.78495 	 3.79111 
20500	 0.0743527 	 3.97693 	 3.82551 
20600	 0.0448728 	 3.70619 	 3.93759 
20700	 0.0311451 	 3.65604 	 4.17955 
20800	 0.0572037 	 3.88777 	 4.49687 
20900	 0.0511765 	 3.98006 	 3.93901 
21000	 0.0639087 	 3.15187 	 3.58334 
21100	 0.0392627 	 2.78693 	 2.90901 
21200	 0.0401763 	 4.23449 	 4.72631 
21300	 0.0349062 	 3.79235 	 4.36751 
21400	 0.0633398 	 3.62255 	 4.13958 
21500	 0.0492908 	 3.30692 	 3.64326 
21600	 0.0327176 	 3.2679 	 3.3814 
21700	 0.0666052 	 3.681 	 4.11814 
21800	 0.035724 	 4.17357 	 4.40446 
21900	 0.0296412 	 3.73445 	 3.93825 
22000	 0.0454177 	 3.3462 	 3.67344 
22100	 0.0494908 	 3.47771 	 3.77613 
22200	 0.0302264 	 4.46272 	 5.46647 
22300	 0.0380051 	 4.52423 	 4.84843 
22400	 0.0437091 	 3.91262 	 4.17344 
22500	 0.0406809 	 3.38214 	 3.87036 
22600	 0.0364511 	 4.80477 	 5.78258 
22700	 0.0425985 	 3.25937 	 3.42348 
22800	 0.0421489 	 4.13899 	 4.946 
22900	 0.0555138 	 3.46363 	 3.39801 
23000	 0.0559385 	 3.43606 	 4.02477 
23100	 0.042404 	 3.77065 	 3.82425 
23200	 0.0307181 	 4.45375 	 3.95436 
23300	 0.0358677 	 4.46592 	 4.90754 
23400	 0.0469961 	 3.36032 	 3.66508 
23500	 0.0485418 	 3.38821 	 3.74815 
23600	 0.0463406 	 3.54161 	 3.69718 
23700	 0.032046 	 4.07289 	 4.56882 
23800	 0.060665 	 3.46998 	 3.69882 
23900	 0.039231 	 3.9105 	 4.08038 
24000	 0.0378028 	 3.24291 	 3.91341 
24100	 0.0515264 	 3.63084 	 4.14162 
24200	 0.0369031 	 3.87092 	 4.19143 
24300	 0.0642863 	 3.9804 	 5.10481 
24400	 0.0264737 	 3.51766 	 4.1812 
24500	 0.0501147 	 3.22724 	 3.56134 
24600	 0.045229 	 3.68829 	 3.89187 
24700	 0.0247535 	 3.06914 	 3.4175 
24800	 0.050302 	 3.48317 	 3.73932 
24900	 0.0395767 	 3.52146 	 4.33632 
25000	 0.0558797 	 3.71814 	 3.95473 
25100	 0.0316808 	 3.36074 	 3.72061 
25200	 0.0259285 	 2.77306 	 3.0323 
25300	 0.0418535 	 3.7253 	 4.04612 
25400	 0.0344911 	 3.51001 	 3.63981 
25500	 0.0609672 	 3.90336 	 4.61563 
25600	 0.0329799 	 4.01372 	 4.80249 
25700	 0.0365759 	 3.35302 	 3.40518 
25800	 0.0497038 	 3.94993 	 4.44654 
25900	 0.0513729 	 3.36425 	 3.77005 
26000	 0.0357492 	 3.61815 	 3.94394 
26100	 0.0349642 	 3.87572 	 4.73916 
26200	 0.0340727 	 4.0365 	 3.95272 
26300	 0.0368725 	 3.33829 	 3.54788 
26400	 0.037378 	 3.13034 	 3.08732 
26500	 0.0262392 	 3.34782 	 3.49913 
26600	 0.050537 	 3.08315 	 3.33148 
26700	 0.0433412 	 3.33129 	 3.54053 
26800	 0.0407169 	 3.26129 	 3.1072 
26900	 0.0365299 	 3.86684 	 4.54953 
27000	 0.053334 	 3.74591 	 4.1389 
27100	 0.0498647 	 3.71551 	 3.64984 
27200	 0.0539804 	 4.33002 	 5.72042 
27300	 0.0325042 	 3.50817 	 4.14552 
27400	 0.0444523 	 3.67697 	 4.46666 
27500	 0.035036 	 4.07407 	 4.39991 
27600	 0.0249329 	 3.72597 	 4.22275 
27700	 0.0429531 	 3.88542 	 4.26927 
27800	 0.0470379 	 3.85493 	 4.16998 
27900	 0.0477388 	 3.4092 	 3.40672 
28000	 0.0671758 	 3.94725 	 4.20828 
28100	 0.0435995 	 4.28534 	 4.71475 
28200	 0.0283137 	 3.82918 	 4.35573 
28300	 0.0325862 	 3.98422 	 4.94148 
28400	 0.0339659 	 3.10743 	 3.26681 
28500	 0.0283654 	 2.7236 	 2.70587 
28600	 0.0269305 	 3.50948 	 3.18045 
28700	 0.0392723 	 3.74457 	 3.8915 
28800	 0.035254 	 3.36499 	 4.25256 
28900	 0.040515 	 3.16633 	 3.37716 
29000	 0.0350922 	 3.07005 	 3.50634 
29100	 0.0249098 	 3.73752 	 3.75538 
29200	 0.035964 	 3.05497 	 3.13916 
29300	 0.0463878 	 3.23359 	 3.64304 
29400	 0.0399933 	 3.56876 	 3.72316 
29500	 0.0492271 	 3.28225 	 3.81326 
29600	 0.0650809 	 3.27323 	 3.70978 
29700	 0.0538321 	 3.35569 	 3.7633 
29800	 0.0441243 	 3.23137 	 3.73969 
29900	 0.0389351 	 3.61779 	 3.59804 
30000	 0.0414425 	 3.30858 	 3.66597 
30100	 0.0296059 	 4.2953 	 4.81679 
30200	 0.0365478 	 3.60517 	 4.04927 
30300	 0.0303762 	 4.05461 	 4.62376 
30400	 0.0295334 	 2.87276 	 3.07969 
30500	 0.036548 	 3.68044 	 3.98381 
30600	 0.0453814 	 3.3758 	 3.53674 
30700	 0.0514103 	 3.11269 	 3.07114 
30800	 0.0261536 	 3.29772 	 3.90226 
30900	 0.0366124 	 3.566 	 4.24022 
31000	 0.0371554 	 3.00751 	 3.18933 
31100	 0.0455296 	 3.82586 	 4.11734 
31200	 0.0378872 	 2.75697 	 3.03725 
31300	 0.0456662 	 3.79002 	 4.42648 
31400	 0.0565665 	 4.4182 	 5.05578 
31500	 0.0695019 	 3.32515 	 3.40203 
31600	 0.0359168 	 3.96211 	 4.39325 
31700	 0.0356412 	 3.35237 	 3.34479 
31800	 0.0437773 	 4.21139 	 5.06408 
31900	 0.0237131 	 3.58188 	 4.11138 
32000	 0.030168 	 3.09043 	 3.31452 
32100	 0.0470474 	 4.76478 	 5.71582 
32200	 0.0318752 	 3.00812 	 3.06306 
32300	 0.0445836 	 3.56082 	 4.61255 
32400	 0.024728 	 3.34289 	 3.30734 
32500	 0.0394468 	 3.97134 	 4.38607 
32600	 0.0318714 	 3.63821 	 4.20999 
32700	 0.0521451 	 3.13628 	 3.24386 
32800	 0.0325338 	 3.35789 	 4.02305 
32900	 0.0446696 	 3.67112 	 4.47352 
33000	 0.0685926 	 3.12908 	 3.32161 
33100	 0.0317586 	 3.5667 	 3.77697 
33200	 0.0326894 	 2.89509 	 3.20229 
33300	 0.031695 	 2.98185 	 3.12959 
33400	 0.0252534 	 3.38246 	 3.91596 
33500	 0.0393296 	 3.11431 	 3.17266 
33600	 0.0310372 	 3.39817 	 3.93337 
33700	 0.026694 	 3.10361 	 3.17264 
33800	 0.0492562 	 3.48761 	 3.53972 
33900	 0.0305042 	 3.08456 	 3.3339 
34000	 0.069175 	 3.71415 	 3.66997 
34100	 0.0516058 	 3.36436 	 4.0257 
34200	 0.0386803 	 3.81369 	 4.3726 
34300	 0.0336171 	 3.21576 	 3.61096 
34400	 0.0372871 	 3.69007 	 4.2558 
34500	 0.0288207 	 3.09864 	 3.38175 
34600	 0.0221761 	 3.46606 	 3.839 
34700	 0.0413943 	 3.67266 	 4.39912 
34800	 0.0294856 	 3.68773 	 3.49347 
34900	 0.0323089 	 3.0084 	 3.38543 
35000	 0.0346874 	 3.1917 	 3.4537 
35100	 0.0396429 	 3.38928 	 3.5305 
35200	 0.0348373 	 3.29221 	 3.90504 
35300	 0.0670244 	 3.76023 	 4.17479 
35400	 0.0302298 	 4.0163 	 3.76443 
35500	 0.0367313 	 3.24677 	 3.52542 
35600	 0.0322787 	 2.9633 	 3.37831 
35700	 0.0475552 	 3.57732 	 4.05223 
35800	 0.0276329 	 3.71196 	 4.35519 
35900	 0.0381388 	 4.00191 	 4.02765 
36000	 0.0289279 	 4.13016 	 4.81932 
36100	 0.0228787 	 3.74892 	 3.78811 
36200	 0.0285549 	 3.08423 	 3.26855 
36300	 0.0316465 	 3.43828 	 3.44971 
36400	 0.0479333 	 3.12236 	 3.03681 
36500	 0.0422296 	 3.40845 	 3.6873 
36600	 0.0439244 	 3.67757 	 3.99407 
36700	 0.0328916 	 3.98661 	 4.26188 
36800	 0.0370945 	 3.61749 	 3.84045 
36900	 0.0192083 	 3.44653 	 3.8357 
37000	 0.0261592 	 3.30132 	 4.00086 
37100	 0.0523324 	 3.69319 	 4.74255 
37200	 0.0408405 	 3.39872 	 3.7628 
37300	 0.0380827 	 4.24776 	 4.64456 
37400	 0.0299048 	 2.91009 	 3.49681 
37500	 0.0333539 	 3.33676 	 3.68141 
37600	 0.0302829 	 3.01769 	 3.91564 
37700	 0.0320053 	 3.26022 	 3.68739 
37800	 0.0329797 	 3.52369 	 3.51684 
37900	 0.0572697 	 4.30172 	 5.08431 
38000	 0.0324842 	 4.32586 	 5.31932 
38100	 0.0321151 	 2.95758 	 3.39572 
38200	 0.0442882 	 3.50824 	 3.57626 
38300	 0.0463794 	 2.86467 	 3.57142 
38400	 0.0386682 	 3.39466 	 3.70747 
38500	 0.0357434 	 3.4104 	 3.79257 
38600	 0.0451487 	 2.99389 	 3.1323 
38700	 0.0363844 	 3.31108 	 3.85833 
38800	 0.0352668 	 3.76422 	 3.95626 
38900	 0.0414856 	 3.21109 	 3.42406 
39000	 0.0453601 	 3.18534 	 3.41611 
39100	 0.0397971 	 3.40291 	 3.81898 
39200	 0.024058 	 3.02566 	 3.00853 
39300	 0.0463971 	 4.15347 	 4.20286 
39400	 0.0399213 	 3.3038 	 3.81142 
39500	 0.0313978 	 3.14314 	 3.59738 
39600	 0.0428711 	 3.12729 	 3.99126 
39700	 0.047832 	 3.35425 	 3.62722 
39800	 0.0455399 	 3.72059 	 4.62659 
39900	 0.0341164 	 3.67663 	 3.68018 
40000	 0.0473119 	 3.62875 	 3.61736 
40100	 0.0402489 	 3.84652 	 3.85045 
40200	 0.0549832 	 4.20229 	 4.78816 
40300	 0.043418 	 3.47899 	 4.5482 
40400	 0.0252616 	 3.68152 	 4.29012 
40500	 0.0268855 	 3.13046 	 3.0594 
40600	 0.0569332 	 4.02277 	 4.45216 
40700	 0.0335049 	 2.70722 	 3.19828 
40800	 0.0248105 	 3.47233 	 3.7874 
40900	 0.0291802 	 3.59016 	 3.83501 
41000	 0.0500582 	 3.40249 	 4.11678 
41100	 0.0473263 	 3.22085 	 3.79971 
41200	 0.0298822 	 3.36188 	 4.00311 
41300	 0.0329406 	 3.29625 	 3.80012 
41400	 0.0403277 	 3.13231 	 3.64459 
41500	 0.0304063 	 3.67955 	 4.0708 
41600	 0.0323465 	 2.67714 	 3.06618 
41700	 0.0332879 	 3.17226 	 3.46914 
41800	 0.0379808 	 3.38369 	 3.52815 
41900	 0.0422299 	 4.12944 	 4.49575 
42000	 0.0329936 	 3.40354 	 3.77297 
42100	 0.0406639 	 3.70202 	 3.48158 
42200	 0.0305636 	 3.00739 	 3.46197 
42300	 0.0259654 	 2.90076 	 3.20637 
42400	 0.0559252 	 3.27684 	 3.94499 
42500	 0.0384606 	 3.16181 	 3.96331 
42600	 0.0339075 	 3.03874 	 3.35854 
42700	 0.0319029 	 3.2396 	 3.66067 
42800	 0.0397308 	 3.49286 	 3.58703 
42900	 0.0272283 	 3.16949 	 3.67031 
43000	 0.039396 	 3.08681 	 3.24283 
43100	 0.0437727 	 3.38466 	 3.59432 
43200	 0.0336544 	 2.63569 	 2.90722 
43300	 0.0360548 	 3.23118 	 3.31154 
43400	 0.0263776 	 3.6843 	 3.29269 
43500	 0.022168 	 2.93861 	 3.46083 
43600	 0.0238894 	 3.31565 	 3.93162 
43700	 0.0453498 	 3.43023 	 3.85347 
43800	 0.0441493 	 2.50056 	 3.04058 
43900	 0.031715 	 3.74255 	 4.28489 
44000	 0.0330576 	 3.42624 	 3.91108 
44100	 0.0422861 	 3.68001 	 3.99308 
44200	 0.0487256 	 3.58584 	 3.78809 
44300	 0.0363863 	 3.092 	 3.21268 
44400	 0.0411287 	 3.32492 	 3.44348 
44500	 0.0408659 	 3.32363 	 3.70664 
44600	 0.0248672 	 3.09308 	 3.46681 
44700	 0.0507504 	 3.30996 	 3.35292 
44800	 0.0540657 	 3.54016 	 4.15258 
44900	 0.029305 	 3.54663 	 4.05211 
45000	 0.0440405 	 2.57132 	 2.58571 
45100	 0.0348419 	 3.7735 	 4.25161 
45200	 0.0378946 	 3.10577 	 3.38435 
45300	 0.0546319 	 3.53463 	 4.37581 
45400	 0.044165 	 2.98864 	 3.16766 
45500	 0.0290191 	 3.35128 	 3.85584 
45600	 0.0431062 	 3.12522 	 3.40407 
45700	 0.0426057 	 2.77998 	 3.32516 
45800	 0.0416076 	 2.77176 	 2.90734 
45900	 0.024952 	 2.78749 	 3.21921 
46000	 0.0382492 	 2.707 	 3.26474 
46100	 0.0354247 	 3.2834 	 3.70205 
46200	 0.0316927 	 4.21953 	 4.99007 
46300	 0.0337932 	 3.52698 	 4.22079 
46400	 0.0367294 	 3.31751 	 3.7966 
46500	 0.0287386 	 4.14723 	 4.86766 
46600	 0.0279666 	 4.21391 	 4.99103 
46700	 0.0341405 	 4.28976 	 4.6472 
46800	 0.0232075 	 3.58601 	 3.47916 
46900	 0.0212752 	 3.19311 	 3.78838 
47000	 0.0256423 	 3.25013 	 3.41129 
47100	 0.0289035 	 3.72328 	 4.41804 
47200	 0.027982 	 3.86732 	 3.45086 
47300	 0.0198094 	 2.83691 	 3.54152 
47400	 0.028246 	 3.36787 	 4.09754 
47500	 0.0397922 	 3.73796 	 4.13775 
47600	 0.0340073 	 2.96186 	 3.57437 
47700	 0.0268701 	 3.40026 	 3.68062 
47800	 0.0335202 	 3.47454 	 3.91048 
47900	 0.0257111 	 3.39077 	 3.61036 
48000	 0.0236975 	 3.0252 	 2.94927 
48100	 0.0510694 	 3.53975 	 4.09532 
48200	 0.0437675 	 3.29783 	 3.71073 
48300	 0.0210872 	 3.50173 	 4.34411 
48400	 0.0258995 	 4.11725 	 4.08388 
48500	 0.0419116 	 2.6182 	 2.57503 
48600	 0.0311577 	 3.27677 	 3.92207 
48700	 0.0264566 	 2.94866 	 3.1491 
48800	 0.0369005 	 3.34166 	 3.59419 
48900	 0.0238623 	 3.84285 	 4.26457 
49000	 0.0244955 	 3.63223 	 4.05497 
49100	 0.0338393 	 3.01113 	 3.26117 
49200	 0.0314596 	 3.27572 	 3.78221 
49300	 0.0327844 	 3.21666 	 3.20771 
49400	 0.0421593 	 3.52077 	 3.54241 
49500	 0.0155952 	 3.16338 	 2.97984 
49600	 0.028276 	 3.65371 	 4.05078 
49700	 0.0317997 	 3.34516 	 3.65719 
49800	 0.0361094 	 3.57803 	 4.15147 
49900	 0.0291188 	 3.31295 	 3.82591 
50000	 0.0347415 	 3.20932 	 3.74676 
50100	 0.0345531 	 3.41297 	 3.78554 
50200	 0.0208785 	 3.63314 	 3.42152 
50300	 0.0335453 	 3.61352 	 3.85449 
50400	 0.0330561 	 2.95066 	 3.0285 
50500	 0.0313978 	 3.02486 	 3.60453 
50600	 0.02854 	 2.71892 	 3.47731 
50700	 0.0316718 	 3.36817 	 3.68248 
50800	 0.0290693 	 2.81454 	 3.29041 
50900	 0.0380622 	 3.25499 	 3.49382 
51000	 0.0240307 	 4.081 	 4.46934 
51100	 0.0483067 	 2.906 	 3.16771 
51200	 0.0185017 	 3.82982 	 4.26486 
51300	 0.0259776 	 2.95623 	 3.43139 
51400	 0.026461 	 2.93912 	 3.48094 
51500	 0.0412589 	 3.87718 	 4.66352 
51600	 0.0344987 	 3.8053 	 4.46593 
51700	 0.0315399 	 3.04802 	 3.45201 
51800	 0.0227176 	 3.47575 	 3.46112 
51900	 0.0300523 	 3.11403 	 3.29054 
52000	 0.0432246 	 3.75675 	 4.50371 
52100	 0.0566952 	 3.61102 	 4.5108 
52200	 0.040536 	 3.64766 	 3.98491 
52300	 0.0375787 	 3.08244 	 3.56728 
52400	 0.0390886 	 2.64987 	 2.81236 
52500	 0.0235308 	 3.48092 	 3.40797 
52600	 0.0209487 	 3.25325 	 3.63663 
52700	 0.0245621 	 3.01204 	 3.47768 
52800	 0.0424155 	 3.86673 	 4.55997 
52900	 0.0485065 	 2.95714 	 3.11898 
53000	 0.0499605 	 3.08169 	 3.43853 
53100	 0.0328757 	 2.96953 	 3.39317 
53200	 0.0329869 	 2.88873 	 3.44378 
53300	 0.025767 	 3.49101 	 3.72184 
53400	 0.0373955 	 3.21188 	 3.66913 
53500	 0.0272855 	 2.95204 	 2.78543 
53600	 0.0443039 	 2.97637 	 3.39792 
53700	 0.0319862 	 2.89149 	 3.54125 
53800	 0.0271824 	 2.97546 	 2.86657 
53900	 0.0361222 	 2.83132 	 3.1915 
54000	 0.0368433 	 3.22586 	 3.53816 
54100	 0.0307728 	 3.09767 	 3.49896 
54200	 0.0448164 	 2.90007 	 2.76347 
54300	 0.0246435 	 2.9543 	 3.22761 
54400	 0.033053 	 2.80069 	 3.18979 
54500	 0.032584 	 3.08075 	 3.75282 
54600	 0.0425686 	 3.23342 	 3.48347 
54700	 0.0387982 	 3.27318 	 3.44522 
54800	 0.0340131 	 3.45939 	 4.08737 
54900	 0.0283951 	 2.62138 	 2.61906 
55000	 0.0261194 	 2.92155 	 3.03198 
55100	 0.0344328 	 3.18548 	 3.62779 
55200	 0.024813 	 3.30003 	 3.60049 
55300	 0.0241871 	 3.25514 	 3.27257 
55400	 0.0272557 	 3.07257 	 3.30712 
55500	 0.0352111 	 3.32608 	 4.0831 
55600	 0.0314417 	 3.47187 	 3.57025 
55700	 0.0495324 	 3.32994 	 3.70437 
55800	 0.0264306 	 3.03993 	 3.51997 
55900	 0.0355949 	 2.4483 	 2.51168 
56000	 0.0440892 	 3.5067 	 3.32713 
56100	 0.0254384 	 3.53498 	 4.28803 
56200	 0.0362552 	 3.11365 	 3.42918 
56300	 0.0414538 	 3.56862 	 4.10646 
56400	 0.0265851 	 3.50128 	 4.09324 
56500	 0.0373389 	 3.1403 	 3.16876 
56600	 0.0669413 	 3.53675 	 4.25098 
56700	 0.0314462 	 3.34859 	 3.8511 
56800	 0.0337728 	 2.79458 	 2.80729 
56900	 0.0350845 	 2.90501 	 3.67666 
57000	 0.0281082 	 2.68974 	 3.09917 
57100	 0.022918 	 3.11984 	 3.6046 
57200	 0.0321103 	 3.43196 	 3.56794 
57300	 0.0448507 	 3.05984 	 3.54454 
57400	 0.0278142 	 2.98897 	 4.05816 
57500	 0.0443557 	 3.54001 	 3.70359 
57600	 0.0395729 	 3.62256 	 4.31474 
57700	 0.0292546 	 3.45377 	 4.06994 
57800	 0.0327344 	 3.38721 	 4.07476 
57900	 0.0216723 	 3.47727 	 3.72367 
58000	 0.0208888 	 2.63834 	 3.11099 
58100	 0.0302594 	 3.24819 	 3.96151 
58200	 0.0294156 	 2.85411 	 3.35724 
58300	 0.0299547 	 2.8249 	 3.08888 
58400	 0.0256856 	 3.15786 	 3.52973 
58500	 0.0289598 	 3.18459 	 3.36758 
58600	 0.0257084 	 3.28472 	 3.44047 
58700	 0.0368263 	 3.02106 	 3.18784 
58800	 0.0277134 	 3.35416 	 4.09054 
58900	 0.0444621 	 3.71616 	 4.9582 
59000	 0.0417603 	 3.30505 	 3.80453 
59100	 0.0279187 	 3.13044 	 3.51703 
59200	 0.0467852 	 3.35919 	 3.99329 
59300	 0.0178968 	 2.34887 	 2.51436 
59400	 0.0393414 	 3.68108 	 4.83593 
59500	 0.0177245 	 3.82275 	 4.28611 
59600	 0.0252356 	 2.5339 	 2.58948 
59700	 0.0307067 	 3.39819 	 4.20491 
59800	 0.0213685 	 3.6032 	 4.37206 
59900	 0.0265536 	 3.51234 	 4.50611 
60000	 0.0255055 	 3.2147 	 3.24259 
60100	 0.0367012 	 3.3408 	 3.8166 
60200	 0.028499 	 2.35789 	 2.53753 
60300	 0.0241819 	 2.91127 	 3.03905 
60400	 0.0304219 	 2.77466 	 3.25386 
60500	 0.0325242 	 3.22296 	 3.31066 
60600	 0.0410684 	 3.23674 	 3.78757 
60700	 0.0320245 	 2.82403 	 3.28428 
60800	 0.0371912 	 3.44906 	 4.34482 
60900	 0.0295345 	 3.11913 	 3.86614 
61000	 0.0432395 	 3.77036 	 4.56994 
61100	 0.0443263 	 3.33686 	 3.89195 
61200	 0.0238533 	 2.99291 	 3.59812 
61300	 0.0298558 	 3.15074 	 3.60999 
61400	 0.0328876 	 3.4048 	 3.53972 
61500	 0.040214 	 3.21215 	 3.48873 
61600	 0.0261077 	 2.9239 	 3.14021 
61700	 0.0356833 	 3.25465 	 3.5462 
61800	 0.035695 	 2.80937 	 3.37727 
61900	 0.0469317 	 3.43799 	 4.26548 
62000	 0.0178006 	 3.7745 	 4.51673 
62100	 0.0165951 	 3.06704 	 2.83018 
62200	 0.0315509 	 4.18086 	 5.15492 
62300	 0.0269296 	 3.28464 	 3.73035 
62400	 0.0318577 	 3.19159 	 3.77988 
62500	 0.0197789 	 2.89256 	 2.94667 
62600	 0.0344156 	 3.02244 	 2.99762 
62700	 0.0398994 	 2.71502 	 3.02664 
62800	 0.0289484 	 3.60513 	 3.86229 
62900	 0.0359466 	 2.48001 	 2.84525 
63000	 0.0286902 	 3.20064 	 3.50635 
63100	 0.038555 	 3.1203 	 3.2128 
63200	 0.0240804 	 2.83518 	 3.00648 
63300	 0.0361424 	 3.90586 	 4.8439 
63400	 0.0157279 	 2.91785 	 3.36863 
63500	 0.0160345 	 2.98198 	 3.63974 
63600	 0.0269277 	 3.19231 	 3.53575 
63700	 0.0276556 	 3.62185 	 3.95551 
63800	 0.0275962 	 2.45616 	 3.05659 
63900	 0.0238791 	 3.26074 	 3.7523 
64000	 0.0329751 	 2.95673 	 3.45274 
64100	 0.0604841 	 3.44864 	 4.30316 
64200	 0.0211501 	 2.75111 	 3.1768 
64300	 0.0353881 	 3.2582 	 3.53364 
64400	 0.0418134 	 2.68955 	 2.85466 
64500	 0.0375339 	 3.23801 	 3.53592 
64600	 0.044603 	 2.85407 	 3.5089 
64700	 0.0312388 	 3.23067 	 3.26124 
64800	 0.0347608 	 2.74837 	 3.22402 
64900	 0.0388271 	 3.19716 	 3.92059 
65000	 0.0268116 	 3.53545 	 4.02562 
65100	 0.0376869 	 3.32333 	 3.85337 
65200	 0.0322517 	 2.76867 	 3.32475 
65300	 0.0337183 	 3.36298 	 3.74893 
65400	 0.0266623 	 3.15245 	 3.51915 
65500	 0.0457302 	 3.69387 	 4.64217 
65600	 0.0412566 	 4.34563 	 5.18404 
65700	 0.037842 	 3.39112 	 4.23612 
65800	 0.0257979 	 3.29317 	 3.73651 
65900	 0.0365742 	 2.95621 	 3.26716 
66000	 0.0583723 	 3.04067 	 3.47041 
66100	 0.029855 	 3.008 	 3.41819 
66200	 0.0334627 	 3.17727 	 3.51439 
66300	 0.0446236 	 3.62308 	 4.47526 
66400	 0.0450485 	 3.1848 	 3.79037 
66500	 0.0324388 	 3.14196 	 3.95019 
66600	 0.0231939 	 2.75445 	 2.88116 
66700	 0.0318314 	 3.012 	 3.5139 
66800	 0.0273083 	 2.81825 	 2.8522 
66900	 0.0200693 	 2.59342 	 2.94101 
67000	 0.0224472 	 2.9967 	 3.67561 
67100	 0.0197084 	 2.93674 	 3.75377 
67200	 0.0551012 	 3.69415 	 4.40817 
67300	 0.0202242 	 2.81943 	 3.19774 
67400	 0.032883 	 3.0375 	 3.3083 
67500	 0.0302454 	 3.03738 	 3.40286 
67600	 0.0396971 	 2.89963 	 3.27715 
67700	 0.0305122 	 3.25033 	 4.18708 
67800	 0.045921 	 2.64655 	 3.08727 
67900	 0.0252336 	 3.29172 	 3.69257 
68000	 0.0266241 	 2.77339 	 2.99772 
68100	 0.0215374 	 3.9384 	 4.26309 
68200	 0.0221983 	 3.68164 	 4.16566 
68300	 0.0304249 	 2.67977 	 3.08148 
68400	 0.0385041 	 3.51113 	 4.29344 
68500	 0.036624 	 3.53409 	 3.38758 
68600	 0.0495422 	 3.13287 	 3.52737 
68700	 0.0285284 	 3.05641 	 3.18902 
68800	 0.0299771 	 3.56479 	 4.11138 
68900	 0.0367815 	 2.64127 	 2.97846 
69000	 0.034893 	 2.96059 	 3.28789 
69100	 0.021291 	 2.50847 	 2.57435 
69200	 0.0474006 	 3.62688 	 4.38352 
69300	 0.0414244 	 3.14728 	 3.16704 
69400	 0.0305793 	 2.7666 	 2.98943 
69500	 0.033183 	 2.64475 	 2.82673 
69600	 0.0216901 	 3.06909 	 3.2486 
69700	 0.0238184 	 2.94733 	 3.73438 
69800	 0.0305885 	 2.82952 	 3.22017 
69900	 0.0305531 	 3.29521 	 4.09562 
70000	 0.0209615 	 3.22677 	 3.6264 
70100	 0.0418561 	 2.54761 	 2.72867 
70200	 0.0269704 	 3.19948 	 3.46315 
70300	 0.0181317 	 2.94445 	 2.76647 
70400	 0.0197429 	 2.76768 	 3.08473 
70500	 0.0366801 	 3.34101 	 3.78948 
70600	 0.0344201 	 2.7604 	 3.37654 
70700	 0.0280737 	 3.06996 	 3.45884 
70800	 0.0375676 	 3.12246 	 3.19484 
70900	 0.0482009 	 3.53802 	 3.95995 
71000	 0.0239394 	 2.7529 	 2.60126 
71100	 0.0353942 	 2.34804 	 2.42054 
71200	 0.0226319 	 3.98943 	 4.51328 
71300	 0.035699 	 3.16246 	 3.5416 
71400	 0.0271651 	 2.36814 	 2.69333 
71500	 0.0395413 	 3.0363 	 3.02805 
71600	 0.0286257 	 3.55196 	 3.94497 
71700	 0.0344909 	 3.17692 	 3.7161 
71800	 0.0346972 	 3.25251 	 3.30502 
71900	 0.0296166 	 3.43553 	 4.28017 
72000	 0.0328987 	 3.24563 	 3.94715 
72100	 0.0302493 	 3.32283 	 3.64578 
72200	 0.0338142 	 2.8836 	 3.2598 
72300	 0.0318637 	 2.81578 	 3.14189 
72400	 0.0288994 	 3.20578 	 3.58908 
72500	 0.0221881 	 3.38553 	 4.17396 
72600	 0.0443139 	 3.10787 	 3.48478 
72700	 0.0341995 	 2.89557 	 3.50845 
72800	 0.021019 	 2.81831 	 3.39663 
72900	 0.0208377 	 3.06837 	 3.52845 
73000	 0.0205591 	 3.02825 	 3.87966 
73100	 0.0274034 	 3.35626 	 4.14513 
73200	 0.0313945 	 2.78331 	 3.34567 
73300	 0.0364388 	 3.39824 	 3.53511 
73400	 0.027951 	 2.48502 	 2.85402 
73500	 0.0245556 	 3.25578 	 3.95952 
73600	 0.0384624 	 3.06482 	 3.19844 
73700	 0.0274345 	 3.18142 	 3.68982 
73800	 0.0334667 	 3.10669 	 3.52598 
73900	 0.044357 	 3.16424 	 3.90908 
74000	 0.0394691 	 3.37126 	 3.03195 
74100	 0.0279971 	 3.04314 	 3.15049 
74200	 0.0242585 	 3.56893 	 4.0282 
74300	 0.0525572 	 3.22929 	 3.43391 
74400	 0.0344767 	 3.20159 	 3.31823 
74500	 0.0300647 	 2.96469 	 2.90374 
74600	 0.0275298 	 3.90812 	 4.99418 
74700	 0.0315781 	 3.02009 	 2.97167 
74800	 0.0354631 	 3.31738 	 3.68952 
74900	 0.0223295 	 3.47444 	 4.65937 
75000	 0.0294984 	 3.09046 	 3.55741 
75100	 0.0232563 	 2.71855 	 3.01291 
75200	 0.0324044 	 3.42882 	 3.85984 
75300	 0.0236783 	 2.78341 	 3.20898 
75400	 0.0225769 	 3.48427 	 4.02838 
75500	 0.0260594 	 2.82829 	 3.02232 
75600	 0.038138 	 2.87361 	 3.28597 
75700	 0.026144 	 2.62305 	 3.03982 
75800	 0.0195894 	 3.32184 	 3.53656 
75900	 0.022937 	 3.17922 	 3.78725 
76000	 0.028083 	 3.07426 	 3.65925 
76100	 0.0292771 	 2.8617 	 3.43961 
76200	 0.0208557 	 3.59997 	 4.74274 
76300	 0.029817 	 3.05625 	 3.52885 
76400	 0.0231297 	 2.93465 	 3.62408 
76500	 0.0216615 	 3.34795 	 3.71914 
76600	 0.014812 	 3.59416 	 4.19927 
76700	 0.0262695 	 2.87765 	 3.06094 
76800	 0.0321106 	 2.65349 	 2.9663 
76900	 0.0225528 	 3.24426 	 4.24499 
77000	 0.0365408 	 2.96953 	 3.17251 
77100	 0.0549067 	 3.14585 	 3.35543 
77200	 0.02989 	 2.68012 	 2.78799 
77300	 0.0214505 	 3.15229 	 3.47919 
77400	 0.0169992 	 3.08299 	 3.46325 
77500	 0.0196574 	 2.7586 	 3.28454 
77600	 0.0354057 	 2.85457 	 3.16634 
77700	 0.0259041 	 3.20396 	 3.74734 
77800	 0.0326692 	 2.66812 	 3.05037 
77900	 0.0354506 	 3.08055 	 3.5986 
78000	 0.0423747 	 3.78639 	 4.46422 
78100	 0.0305901 	 2.93972 	 3.64171 
78200	 0.0339301 	 3.45 	 3.74171 
78300	 0.048809 	 3.20231 	 3.36187 
78400	 0.0397276 	 3.59668 	 3.77166 
78500	 0.0266766 	 3.23915 	 3.20747 
78600	 0.0250895 	 3.40323 	 4.32132 
78700	 0.0220244 	 2.986 	 2.98901 
78800	 0.0196945 	 3.80052 	 4.96034 
78900	 0.0251721 	 2.90313 	 3.57427 
79000	 0.0340666 	 2.85122 	 2.93759 
79100	 0.0257759 	 2.50309 	 2.76536 
79200	 0.0284733 	 3.29746 	 3.77085 
79300	 0.0449726 	 4.09335 	 3.95078 
79400	 0.0171397 	 3.1384 	 3.23947 
79500	 0.041993 	 2.90504 	 3.42921 
79600	 0.0290701 	 2.59721 	 2.9823 
79700	 0.0305068 	 2.77217 	 3.09556 
79800	 0.0257188 	 2.84118 	 2.75073 
79900	 0.0175367 	 2.89566 	 3.46088 
80000	 0.0332692 	 3.20211 	 3.66531 
80100	 0.0280052 	 3.44421 	 3.76687 
80200	 0.0276154 	 2.92398 	 3.28169 
80300	 0.0233478 	 3.03264 	 3.25694 
80400	 0.0274042 	 2.34813 	 2.79575 
80500	 0.0272182 	 2.9739 	 3.28132 
80600	 0.0284453 	 3.68037 	 4.16643 
80700	 0.0270513 	 3.13022 	 3.2937 
80800	 0.0209591 	 3.06499 	 3.87682 
80900	 0.0169065 	 3.20545 	 2.66326 
81000	 0.0284461 	 3.15733 	 3.46452 
81100	 0.0185373 	 2.91281 	 3.49159 
81200	 0.0272732 	 3.19288 	 4.15708 
81300	 0.0226297 	 2.78167 	 3.21651 
81400	 0.0232494 	 3.54965 	 3.76331 
81500	 0.0381759 	 2.84396 	 3.13037 
81600	 0.0394671 	 3.22282 	 3.94067 
81700	 0.0269448 	 3.14551 	 3.75782 
81800	 0.0534904 	 3.70258 	 4.30175 
81900	 0.0297702 	 2.6471 	 3.1724 
82000	 0.0260489 	 2.75614 	 3.0085 
82100	 0.0388399 	 3.14197 	 3.59393 
82200	 0.0319919 	 2.62979 	 2.80704 
82300	 0.027868 	 2.98865 	 2.99144 
82400	 0.0292395 	 3.01841 	 3.41043 
82500	 0.0317501 	 2.60835 	 2.91884 
82600	 0.0257914 	 2.90716 	 3.56725 
82700	 0.0188011 	 3.76228 	 3.68955 
82800	 0.0383256 	 3.59166 	 4.46365 
82900	 0.034208 	 2.84664 	 2.77212 
83000	 0.0401228 	 2.71352 	 2.8499 
83100	 0.0313792 	 2.92517 	 3.60675 
83200	 0.0444427 	 2.97262 	 3.29441 
83300	 0.0337941 	 3.41372 	 4.40919 
83400	 0.0343645 	 2.93463 	 2.89547 
83500	 0.0336957 	 2.96142 	 3.40278 
83600	 0.0298621 	 2.84603 	 2.88698 
83700	 0.0183679 	 2.4855 	 2.70786 
83800	 0.0227614 	 3.03024 	 3.63218 
83900	 0.0184911 	 3.03606 	 3.34794 
84000	 0.0408297 	 2.87673 	 3.29841 
84100	 0.0213417 	 3.01997 	 3.30058 
84200	 0.0426926 	 2.94909 	 3.08027 
84300	 0.032755 	 2.93895 	 3.25592 
84400	 0.0221923 	 3.29581 	 3.48438 
84500	 0.0406852 	 3.3603 	 4.28532 
84600	 0.0260973 	 2.84444 	 2.80514 
84700	 0.0335212 	 3.16155 	 3.61671 
84800	 0.0222126 	 2.77011 	 3.46945 
84900	 0.0301726 	 3.1311 	 3.75043 
85000	 0.0300602 	 3.57151 	 3.8943 
85100	 0.0237017 	 3.5188 	 3.96585 
85200	 0.021125 	 3.25044 	 3.80557 
85300	 0.0339237 	 4.02119 	 5.07128 
85400	 0.0208291 	 2.80933 	 3.28408 
85500	 0.0227446 	 2.79864 	 2.93206 
85600	 0.021805 	 3.16904 	 3.44946 
85700	 0.0204028 	 3.17724 	 3.35639 
85800	 0.03738 	 4.13144 	 4.37531 
85900	 0.0196395 	 3.19331 	 3.5975 
86000	 0.0363199 	 3.38928 	 4.11512 
86100	 0.0297705 	 2.80801 	 3.26791 
86200	 0.0300318 	 3.11858 	 3.39953 
86300	 0.0319613 	 3.41142 	 4.45903 
86400	 0.0373202 	 3.24124 	 3.65548 
86500	 0.021522 	 2.81204 	 3.17332 
86600	 0.0444753 	 3.31407 	 4.32362 
86700	 0.0252233 	 2.80208 	 3.28242 
86800	 0.0258135 	 2.62552 	 2.9205 
86900	 0.0461931 	 3.11147 	 3.31548 
87000	 0.0196668 	 3.03938 	 3.71252 
87100	 0.025964 	 3.1756 	 3.4428 
87200	 0.0247166 	 3.7095 	 4.02373 
87300	 0.0203164 	 2.52359 	 3.01675 
87400	 0.0402003 	 3.10413 	 3.25004 
87500	 0.0171697 	 2.91953 	 3.23258 
87600	 0.041807 	 3.11569 	 3.68992 
87700	 0.0365911 	 3.16791 	 3.5145 
87800	 0.0188301 	 3.18651 	 3.55528 
87900	 0.0388979 	 3.26476 	 3.34673 
88000	 0.0408851 	 3.75826 	 3.71569 
88100	 0.04385 	 3.07371 	 3.56544 
88200	 0.0343749 	 2.59546 	 2.69793 
88300	 0.0165613 	 2.71732 	 3.38997 
88400	 0.0278058 	 3.36238 	 3.36935 
88500	 0.0305388 	 2.77182 	 2.9694 
88600	 0.0325589 	 2.34508 	 2.47901 
88700	 0.0201681 	 3.09858 	 3.60921 
88800	 0.0314094 	 2.69758 	 2.81354 
88900	 0.0175051 	 2.5077 	 2.82461 
89000	 0.0136677 	 2.60476 	 2.75154 
89100	 0.0332966 	 2.76276 	 3.41555 
89200	 0.0261895 	 2.61654 	 2.6307 
89300	 0.0185 	 2.58799 	 2.6497 
89400	 0.0183627 	 2.70168 	 2.96205 
89500	 0.0257044 	 2.73026 	 2.98102 
89600	 0.0357534 	 3.21657 	 3.71327 
89700	 0.0211419 	 3.16885 	 3.51024 
89800	 0.0418221 	 2.61068 	 2.86105 
89900	 0.0208079 	 3.43067 	 4.25819 
90000	 0.0232984 	 3.17488 	 3.63918 
90100	 0.030843 	 3.22101 	 3.64627 
90200	 0.0310275 	 3.33899 	 3.45497 
90300	 0.0182859 	 3.10405 	 3.8928 
90400	 0.0264241 	 2.58076 	 3.09113 
90500	 0.0175358 	 3.08086 	 3.11812 
90600	 0.0224982 	 2.48594 	 2.55457 
90700	 0.0223661 	 2.68986 	 2.92788 
90800	 0.0259669 	 2.93192 	 3.3087 
90900	 0.0316329 	 3.3975 	 3.81284 
91000	 0.0339056 	 2.88085 	 2.77947 
91100	 0.0357266 	 2.24309 	 2.56018 
91200	 0.0338687 	 3.34919 	 4.09403 
91300	 0.0294094 	 3.42847 	 3.92327 
91400	 0.0309434 	 2.89281 	 3.14932 
91500	 0.0187345 	 2.99881 	 3.12914 
91600	 0.0359385 	 2.88047 	 3.03265 
91700	 0.0322989 	 2.80366 	 3.10146 
91800	 0.0263174 	 2.93813 	 3.34826 
91900	 0.0216054 	 3.27659 	 3.75747 
92000	 0.0435972 	 2.98939 	 3.35324 
92100	 0.0280273 	 2.87771 	 3.24775 
92200	 0.0179876 	 2.94736 	 3.44697 
92300	 0.0220193 	 3.04001 	 3.15983 
92400	 0.0326925 	 3.29941 	 4.36604 
92500	 0.0578973 	 3.1928 	 3.53368 
92600	 0.0211991 	 3.04326 	 3.47919 
92700	 0.0359272 	 2.79154 	 3.05617 
92800	 0.031149 	 2.97237 	 3.21935 
92900	 0.029906 	 3.05025 	 3.5759 
93000	 0.0189533 	 2.85803 	 3.57971 
93100	 0.0268821 	 3.43123 	 3.83853 
93200	 0.0319862 	 2.80546 	 3.19153 
93300	 0.0153137 	 3.6914 	 4.01883 
93400	 0.0411652 	 3.33356 	 3.99666 
93500	 0.0318929 	 2.64112 	 3.50087 
93600	 0.0438783 	 3.09577 	 3.44538 
93700	 0.0157521 	 2.90729 	 3.35235 
93800	 0.0297609 	 2.70655 	 2.90833 
93900	 0.0263523 	 3.67082 	 4.64911 
94000	 0.0391095 	 2.49514 	 3.15547 
94100	 0.0343097 	 2.59227 	 3.10858 
94200	 0.0176817 	 3.19172 	 3.65206 
94300	 0.052385 	 2.99429 	 3.74306 
94400	 0.0304422 	 2.6175 	 2.49675 
94500	 0.0288433 	 3.62034 	 3.82139 
94600	 0.0168375 	 2.66078 	 2.99524 
94700	 0.0472229 	 3.66195 	 4.25814 
94800	 0.0212209 	 2.61763 	 2.93111 
94900	 0.0172099 	 2.8043 	 3.09118 
95000	 0.0241691 	 3.49396 	 4.06044 
95100	 0.0487253 	 3.00898 	 3.45639 
95200	 0.0237322 	 3.16361 	 3.97182 
95300	 0.0359206 	 2.97098 	 3.11194 
95400	 0.0170299 	 2.83783 	 2.80208 
95500	 0.0249773 	 2.97476 	 3.7143 
95600	 0.0254192 	 3.86275 	 3.80068 
95700	 0.0337052 	 2.83545 	 2.89012 
95800	 0.0306958 	 3.5266 	 4.54303 
95900	 0.0324219 	 2.37029 	 2.94608 
96000	 0.0274569 	 2.69446 	 3.13259 
96100	 0.0245592 	 3.12306 	 3.84133 
96200	 0.0276597 	 3.04174 	 4.07747 
96300	 0.0419754 	 3.06765 	 3.55855 
96400	 0.019769 	 2.90883 	 2.92438 
96500	 0.0273944 	 2.8049 	 3.4529 
96600	 0.0251903 	 3.02686 	 3.37415 
96700	 0.0309726 	 2.66819 	 3.01872 
96800	 0.0283494 	 2.6043 	 2.66523 
96900	 0.0286412 	 2.99074 	 3.36363 
97000	 0.0317361 	 3.64425 	 4.14499 
97100	 0.0155723 	 2.85766 	 3.27404 
97200	 0.0331895 	 2.90373 	 3.44447 
97300	 0.0170898 	 2.80386 	 3.43088 
97400	 0.0289847 	 3.93811 	 4.3502 
97500	 0.0265539 	 2.7419 	 3.65657 
97600	 0.0209511 	 2.79099 	 3.14604 
97700	 0.0238243 	 2.88818 	 3.60267 
97800	 0.0310523 	 3.22549 	 3.48427 
97900	 0.0278849 	 3.13218 	 3.44997 
98000	 0.0389028 	 2.97414 	 3.32524 
98100	 0.0224618 	 3.14429 	 3.51629 
98200	 0.0364164 	 2.72264 	 2.87271 
98300	 0.0196831 	 2.87703 	 3.57971 
98400	 0.0188825 	 2.86191 	 3.19612 
98500	 0.0278705 	 2.50769 	 2.81491 
98600	 0.0263909 	 2.77937 	 3.20766 
98700	 0.0344383 	 3.17503 	 3.27603 
98800	 0.0354806 	 2.99509 	 3.71042 
98900	 0.0376461 	 3.35826 	 4.63047 
99000	 0.0259824 	 3.08807 	 3.739 
99100	 0.0275948 	 2.72954 	 2.77568 
99200	 0.0375481 	 2.90583 	 3.70827 
99300	 0.0292574 	 3.69164 	 3.94269 
99400	 0.0441224 	 3.17865 	 3.46991 
99500	 0.0223503 	 2.77334 	 3.06898 
99600	 0.0159018 	 2.82782 	 3.19143 
99700	 0.0202775 	 2.91198 	 3.1635 
99800	 0.0245075 	 3.05263 	 3.49012 
99900	 0.0199419 	 3.28027 	 3.85084 
100000	 0.0267518 	 2.87296 	 3.21658 
100100	 0.0461117 	 3.14401 	 3.62529 
100200	 0.0301414 	 2.87456 	 3.4732 
100300	 0.0156313 	 3.44311 	 3.70775 
100400	 0.0241621 	 2.88987 	 3.2457 
100500	 0.0315981 	 3.05031 	 4.03237 
100600	 0.036292 	 2.86314 	 3.05046 
100700	 0.0198157 	 3.10111 	 3.6195 
100800	 0.0284992 	 2.87972 	 3.14562 
100900	 0.0233258 	 2.95757 	 3.62758 
101000	 0.0277356 	 3.17242 	 3.92123 
101100	 0.0272795 	 3.2423 	 3.68372 
101200	 0.0324142 	 2.69824 	 3.24935 
101300	 0.0201832 	 2.87355 	 3.18264 
101400	 0.0344522 	 3.59863 	 4.36135 
101500	 0.0345584 	 2.74714 	 3.41927 
101600	 0.0259271 	 2.97129 	 3.47517 
101700	 0.0363358 	 2.96089 	 3.51626 
101800	 0.0390484 	 3.56381 	 3.78034 
101900	 0.0205107 	 3.64193 	 3.8056 
102000	 0.0372778 	 2.80587 	 2.85065 
102100	 0.0177984 	 2.84645 	 3.22131 
102200	 0.0253279 	 2.88768 	 3.42471 
102300	 0.0206149 	 3.23314 	 3.46855 
102400	 0.0284718 	 3.33504 	 3.80147 
102500	 0.0256888 	 3.25533 	 3.68512 
102600	 0.0246392 	 3.29934 	 3.86985 
102700	 0.0240518 	 3.61888 	 4.55612 
102800	 0.0319571 	 2.83776 	 2.94273 
102900	 0.0302853 	 3.45069 	 3.83458 
103000	 0.0418878 	 3.56021 	 4.18664 
103100	 0.0261435 	 2.53023 	 2.70115 
103200	 0.0239844 	 2.93208 	 3.53704 
103300	 0.0325219 	 3.16567 	 4.05704 
103400	 0.0395178 	 3.23774 	 3.52055 
103500	 0.0129858 	 3.37358 	 3.59726 
103600	 0.0327834 	 2.78964 	 2.99525 
103700	 0.0360034 	 3.30489 	 3.76638 
103800	 0.0367527 	 3.58661 	 3.61436 
103900	 0.0255236 	 3.13254 	 3.74846 
104000	 0.0170063 	 2.80748 	 3.13222 
104100	 0.021193 	 2.95201 	 3.14653 
104200	 0.0273214 	 3.26183 	 3.55721 
104300	 0.0253584 	 3.45591 	 3.67336 
104400	 0.0468539 	 3.5936 	 4.63962 
104500	 0.0242309 	 3.19681 	 3.62062 
104600	 0.0439724 	 3.29784 	 3.97819 
104700	 0.0403324 	 2.95596 	 3.47841 
104800	 0.029271 	 3.00931 	 3.76924 
104900	 0.0372387 	 3.04039 	 3.68904 
105000	 0.0250494 	 2.8031 	 3.2291 
105100	 0.0362055 	 2.81144 	 3.14414 
105200	 0.0368228 	 3.28106 	 3.72475 
105300	 0.025759 	 2.45207 	 2.70308 
105400	 0.0287457 	 3.24886 	 3.61234 
105500	 0.0383919 	 2.71927 	 3.65678 
105600	 0.0238763 	 2.71514 	 2.96481 
105700	 0.0244024 	 2.76646 	 3.62529 
105800	 0.0217162 	 2.91187 	 2.89747 
105900	 0.0162065 	 2.91463 	 3.37699 
106000	 0.0348394 	 3.6043 	 4.75122 
106100	 0.0416907 	 3.49695 	 3.92387 
106200	 0.036427 	 3.34625 	 4.20486 
106300	 0.0416846 	 3.32942 	 3.74956 
106400	 0.0166078 	 2.9556 	 3.6196 
106500	 0.0142109 	 3.60401 	 3.66771 
106600	 0.024722 	 3.06022 	 3.76036 
106700	 0.0256941 	 2.97542 	 3.04047 
106800	 0.0394802 	 3.06664 	 4.16852 
106900	 0.0172677 	 3.10162 	 3.93865 
107000	 0.0216303 	 3.04639 	 3.21561 
107100	 0.0235058 	 2.84067 	 3.23637 
107200	 0.0189993 	 3.03401 	 3.25141 
107300	 0.0320719 	 3.02838 	 3.40876 
107400	 0.0170219 	 2.87558 	 3.54686 
107500	 0.0355458 	 3.57239 	 4.17995 
107600	 0.0239435 	 2.89541 	 4.02648 
107700	 0.0269334 	 2.74724 	 3.40177 
107800	 0.0165571 	 3.21833 	 3.5605 
107900	 0.0271136 	 2.95994 	 2.85119 
108000	 0.0407592 	 3.35696 	 4.4194 
108100	 0.0172615 	 2.89535 	 3.50147 
108200	 0.0282307 	 3.1542 	 3.21769 
108300	 0.0339593 	 3.04876 	 3.47748 
108400	 0.0132907 	 2.86902 	 2.8348 
108500	 0.0347527 	 3.21764 	 4.27052 
108600	 0.0261289 	 3.06928 	 3.50662 
108700	 0.035739 	 3.13211 	 3.40943 
108800	 0.0379467 	 2.7006 	 2.64407 
108900	 0.0258113 	 3.64866 	 4.03682 
109000	 0.0223727 	 2.70294 	 3.03143 
109100	 0.0386497 	 2.77834 	 3.21751 
109200	 0.0271694 	 2.8136 	 3.03721 
109300	 0.0314851 	 2.80926 	 3.16697 
109400	 0.0309203 	 3.14367 	 3.25175 
109500	 0.0206158 	 2.81794 	 3.44293 
109600	 0.0315178 	 3.01906 	 3.26948 
109700	 0.0248646 	 3.23858 	 4.17046 
109800	 0.0181932 	 3.17423 	 3.14972 
109900	 0.028854 	 2.55062 	 2.53041 
110000	 0.0199391 	 2.67104 	 2.99426 
110100	 0.0296371 	 2.81065 	 3.28715 
110200	 0.0214826 	 3.26952 	 3.4677 
110300	 0.025927 	 2.57298 	 2.58611 
110400	 0.0178213 	 2.91813 	 2.92414 
110500	 0.0168377 	 2.93395 	 3.324 
110600	 0.0377515 	 2.68432 	 2.84416 
110700	 0.0262589 	 3.06374 	 3.41292 
110800	 0.033347 	 2.84015 	 2.9043 
110900	 0.0227187 	 3.41433 	 3.55484 
111000	 0.019165 	 2.70212 	 3.03222 
111100	 0.0444628 	 2.75822 	 3.19086 
111200	 0.0221174 	 3.11855 	 3.6741 
111300	 0.0315729 	 2.69329 	 3.17575 
111400	 0.0207093 	 3.08099 	 3.79036 
111500	 0.0182766 	 3.37837 	 3.56084 
111600	 0.0215166 	 3.26155 	 3.28262 
111700	 0.0255051 	 2.84668 	 3.10034 
111800	 0.0228535 	 2.78332 	 3.5598 
111900	 0.0245221 	 2.27582 	 2.56552 
112000	 0.0321395 	 3.23068 	 4.09244 
112100	 0.0367414 	 2.56184 	 2.60631 
112200	 0.0232558 	 2.77544 	 3.14282 
112300	 0.0233459 	 3.04197 	 3.25866 
112400	 0.0219462 	 2.65156 	 2.95911 
112500	 0.0244167 	 2.74596 	 3.10761 
112600	 0.0161263 	 3.07638 	 3.55249 
112700	 0.0264745 	 2.73995 	 3.42358 
112800	 0.0222771 	 3.33843 	 4.07977 
112900	 0.0181762 	 2.29587 	 2.69562 
113000	 0.0214526 	 2.33819 	 2.76188 
113100	 0.0279882 	 2.99842 	 3.58305 
113200	 0.0228538 	 3.13943 	 3.50297 
113300	 0.0356099 	 3.28211 	 3.48227 
113400	 0.0263261 	 3.0787 	 3.79804 
113500	 0.0174197 	 3.21805 	 3.3646 
113600	 0.0277808 	 3.20194 	 3.42597 
113700	 0.0368904 	 3.1127 	 3.6163 
113800	 0.0401785 	 3.45291 	 3.77146 
113900	 0.0277693 	 2.92479 	 3.54272 
114000	 0.016959 	 3.08989 	 3.24156 
114100	 0.0264781 	 3.0969 	 3.4209 
114200	 0.0224831 	 2.62916 	 2.5859 
114300	 0.0374018 	 2.69942 	 3.75079 
114400	 0.0310086 	 3.19574 	 4.05074 
114500	 0.0201868 	 3.03861 	 3.14645 
114600	 0.0175427 	 2.92974 	 2.80918 
114700	 0.0219435 	 2.97779 	 3.45878 
114800	 0.0334377 	 2.83286 	 3.13958 
114900	 0.0304794 	 3.61502 	 3.71742 
115000	 0.0207694 	 3.10821 	 3.47409 
115100	 0.0218854 	 3.12182 	 3.46676 
115200	 0.0266505 	 3.44061 	 3.95192 
115300	 0.0293654 	 3.10146 	 3.4559 
115400	 0.0230187 	 2.74371 	 3.25252 
115500	 0.0320445 	 3.26532 	 3.2432 
115600	 0.0353571 	 2.8788 	 3.16118 
115700	 0.0511177 	 3.40957 	 3.73418 
115800	 0.0255546 	 2.54289 	 2.62297 
115900	 0.0282737 	 2.52357 	 2.77427 
116000	 0.0229143 	 3.07754 	 3.31625 
116100	 0.0435188 	 2.76104 	 3.07586 
116200	 0.0279803 	 2.84599 	 2.92784 
116300	 0.0187504 	 2.84464 	 3.29065 
116400	 0.0229496 	 2.19539 	 2.2837 
116500	 0.0311588 	 3.44529 	 3.98412 
116600	 0.0305558 	 3.39388 	 3.92718 
116700	 0.0314292 	 2.7233 	 2.91663 
116800	 0.0247843 	 3.3135 	 4.09133 
116900	 0.0319899 	 2.69782 	 3.09371 
117000	 0.0305003 	 3.87673 	 5.17483 
117100	 0.014268 	 2.81127 	 3.69396 
117200	 0.0298134 	 3.04838 	 3.76797 
117300	 0.0323562 	 2.76771 	 3.03233 
117400	 0.0177497 	 2.94185 	 3.14215 
117500	 0.0193327 	 3.60728 	 4.21292 
117600	 0.0355469 	 2.98779 	 3.17926 
117700	 0.0225605 	 2.70897 	 2.77446 
117800	 0.0350418 	 2.97396 	 3.19705 
117900	 0.0220465 	 2.79622 	 2.72247 
118000	 0.0264277 	 3.26144 	 3.65566 
118100	 0.0227963 	 2.83925 	 3.17528 
118200	 0.00908054 	 2.54294 	 2.84237 
118300	 0.025385 	 3.01651 	 3.2527 
118400	 0.0312846 	 3.10813 	 3.98947 
118500	 0.0132405 	 2.7714 	 3.06499 
118600	 0.0349286 	 3.28679 	 4.19152 
118700	 0.0243887 	 3.64978 	 3.3681 
118800	 0.0340674 	 3.10912 	 3.28284 
118900	 0.0388248 	 3.13341 	 3.68391 
119000	 0.0336641 	 3.64315 	 4.07261 
119100	 0.0274807 	 3.38221 	 3.60174 
119200	 0.0270622 	 3.22784 	 3.79033 
119300	 0.0378403 	 2.92474 	 3.23096 
119400	 0.0229328 	 2.53792 	 2.9248 
119500	 0.0263857 	 3.21531 	 3.88774 
119600	 0.0233123 	 2.95911 	 3.25002 
119700	 0.0325239 	 3.3102 	 3.64686 
119800	 0.0212861 	 3.0628 	 3.84473 
119900	 0.0338712 	 2.89145 	 3.35588 
120000	 0.0248314 	 3.17771 	 3.6058 
120100	 0.0306545 	 3.45615 	 4.13957 
120200	 0.024086 	 3.10008 	 3.89989 
120300	 0.0301095 	 3.00391 	 3.85214 
120400	 0.0270965 	 3.05133 	 3.85297 
120500	 0.0310219 	 2.95133 	 3.8395 
120600	 0.0352446 	 3.55852 	 3.76099 
120700	 0.0344266 	 3.15338 	 3.66899 
120800	 0.0317407 	 2.43831 	 2.60243 
120900	 0.0231843 	 2.67196 	 2.77061 
121000	 0.0196256 	 2.52155 	 2.53346 
121100	 0.0224189 	 2.39866 	 2.97074 
121200	 0.0590672 	 3.49681 	 3.96989 
121300	 0.0203486 	 2.72114 	 2.80838 
121400	 0.0255982 	 2.79697 	 3.15444 
121500	 0.0176202 	 2.80758 	 3.2369 
121600	 0.0206373 	 2.80033 	 3.51795 
121700	 0.031086 	 2.85872 	 3.33626 
121800	 0.0174094 	 2.55848 	 2.84463 
121900	 0.0217482 	 2.80891 	 3.79027 
122000	 0.0185558 	 3.00999 	 3.42369 
122100	 0.02737 	 2.85683 	 3.25909 
122200	 0.0151846 	 2.48256 	 2.92427 
122300	 0.0249077 	 3.32036 	 4.16661 
122400	 0.0244447 	 3.515 	 4.39657 
122500	 0.0206811 	 2.60865 	 3.09198 
122600	 0.0220978 	 3.06294 	 3.38948 
122700	 0.0204686 	 2.87487 	 3.01352 
122800	 0.0192554 	 2.8218 	 3.14243 
122900	 0.0201276 	 2.62691 	 2.99525 
123000	 0.0197039 	 2.39468 	 2.45601 
123100	 0.0226327 	 2.85447 	 3.40553 
123200	 0.0261135 	 3.07836 	 3.57008 
123300	 0.0250086 	 2.91217 	 3.25335 
123400	 0.0166192 	 2.41119 	 3.08222 
123500	 0.0196842 	 3.18511 	 3.43401 
123600	 0.0225382 	 3.45077 	 4.06884 
123700	 0.0268311 	 3.0878 	 3.87231 
123800	 0.0531874 	 3.95405 	 5.08048 
123900	 0.0169938 	 3.17171 	 3.93514 
124000	 0.0338789 	 3.0695 	 3.1564 
124100	 0.0262793 	 3.17709 	 3.36187 
124200	 0.015657 	 2.6483 	 2.66014 
124300	 0.0196585 	 3.07648 	 3.47691 
124400	 0.0242507 	 2.98686 	 3.77889 
124500	 0.0219645 	 3.10451 	 3.78235 
124600	 0.021931 	 2.63364 	 3.17881 
124700	 0.0260017 	 2.9444 	 3.14542 
124800	 0.0203502 	 3.10231 	 4.10555 
124900	 0.0327278 	 2.68085 	 2.72273 
125000	 0.0279196 	 2.78804 	 3.05975 
125100	 0.029742 	 3.02726 	 3.36524 
125200	 0.024129 	 2.84573 	 2.70593 
125300	 0.0182378 	 2.80759 	 3.27271 
125400	 0.0289772 	 3.2401 	 4.14811 
125500	 0.0228874 	 2.76222 	 2.76841 
125600	 0.0310066 	 2.92562 	 3.26365 
125700	 0.0350013 	 3.13882 	 3.29781 
125800	 0.031692 	 2.65279 	 2.70563 
125900	 0.0320855 	 2.6766 	 3.05773 
126000	 0.02779 	 2.53637 	 2.63298 
126100	 0.0291429 	 2.22828 	 2.63166 
126200	 0.0240803 	 3.40196 	 3.8262 
126300	 0.032697 	 3.98315 	 4.15038 
126400	 0.0242053 	 4.1943 	 4.75219 
126500	 0.0136585 	 3.01538 	 3.38629 
126600	 0.0231274 	 3.02021 	 3.34251 
126700	 0.0136422 	 2.68877 	 3.16978 
126800	 0.0221706 	 2.87121 	 3.01301 
126900	 0.0236004 	 3.00184 	 3.66845 
127000	 0.0192371 	 2.97095 	 3.42964 
127100	 0.0421921 	 2.91786 	 3.69641 
127200	 0.0210351 	 2.80092 	 3.12892 
127300	 0.0518675 	 3.81664 	 4.43198 
127400	 0.0274404 	 2.99031 	 3.45298 
127500	 0.0173079 	 2.88026 	 3.16582 
127600	 0.0237373 	 2.62004 	 3.45769 
127700	 0.0281604 	 2.91903 	 3.6874 
127800	 0.0213611 	 3.12148 	 3.73005 
127900	 0.0351933 	 3.0462 	 3.36406 
128000	 0.0265788 	 3.48433 	 3.92199 
128100	 0.0154832 	 2.27795 	 2.35642 
128200	 0.0175148 	 3.14376 	 3.40631 
128300	 0.0265996 	 2.97212 	 3.42749 
128400	 0.0349138 	 4.06266 	 5.40731 
128500	 0.0304977 	 3.17836 	 3.80158 
128600	 0.0284434 	 3.65452 	 3.83014 
128700	 0.024244 	 2.9979 	 3.68077 
128800	 0.0241495 	 2.56087 	 2.92597 
128900	 0.0306415 	 2.6484 	 3.05803 
129000	 0.025314 	 3.36759 	 3.75576 
129100	 0.0327632 	 3.15453 	 4.07873 
129200	 0.0228588 	 2.77396 	 3.1427 
129300	 0.0256827 	 3.16184 	 3.66244 
129400	 0.0229133 	 2.52572 	 2.85073 
129500	 0.0319437 	 2.65646 	 2.93229 
129600	 0.011165 	 3.27833 	 3.55604 
129700	 0.0238609 	 3.07358 	 3.59682 
129800	 0.0177973 	 2.92434 	 3.23815 
129900	 0.021524 	 3.29776 	 4.02258 
130000	 0.0172794 	 2.51074 	 3.07552 
130100	 0.0453427 	 2.7649 	 3.05185 
130200	 0.0168879 	 2.8607 	 3.22945 
130300	 0.0166191 	 2.94193 	 3.7687 
130400	 0.0194009 	 3.42142 	 4.29562 
130500	 0.0350754 	 2.49784 	 2.97468 
130600	 0.0226445 	 2.9022 	 3.77129 
130700	 0.0257136 	 2.64794 	 2.86923 
130800	 0.0253 	 2.97086 	 3.1964 
130900	 0.0402495 	 3.06503 	 3.87019 
131000	 0.0215243 	 2.65132 	 3.01377 
131100	 0.0187233 	 2.70642 	 2.92968 
131200	 0.0221527 	 2.97198 	 3.49026 
131300	 0.0500272 	 2.95778 	 3.517 
131400	 0.0334105 	 2.89759 	 2.92522 
131500	 0.0178889 	 2.33063 	 2.6096 
131600	 0.0257139 	 3.25729 	 3.21131 
131700	 0.0270879 	 2.70873 	 3.01317 
131800	 0.0298792 	 3.10659 	 3.2375 
131900	 0.0221709 	 2.30187 	 2.07092 
132000	 0.032954 	 2.83232 	 3.06928 
132100	 0.0274545 	 3.17239 	 3.60483 
132200	 0.0320148 	 2.66815 	 2.92398 
132300	 0.0159058 	 2.30238 	 2.51871 
132400	 0.0274992 	 2.86569 	 3.53621 
132500	 0.0166562 	 2.70164 	 2.75187 
132600	 0.0174615 	 3.22879 	 3.46782 
132700	 0.0277663 	 3.00205 	 3.80433 
132800	 0.0152479 	 2.54558 	 2.98749 
132900	 0.0335796 	 3.22795 	 3.29305 
133000	 0.0303776 	 2.76964 	 2.96032 
133100	 0.0185414 	 2.90424 	 2.86917 
133200	 0.0225759 	 2.71197 	 3.00219 
133300	 0.0221013 	 3.13942 	 3.66912 
133400	 0.021022 	 2.90019 	 2.74353 
133500	 0.0232777 	 2.73158 	 2.96865 
133600	 0.0221199 	 2.70806 	 3.68575 
133700	 0.0175768 	 2.64122 	 2.9564 
133800	 0.0321662 	 3.18235 	 3.71485 
133900	 0.0348341 	 3.47919 	 3.93653 
134000	 0.0189114 	 2.83154 	 3.14224 
134100	 0.0275208 	 3.07304 	 3.66967 
134200	 0.0147896 	 3.033 	 3.23301 
134300	 0.0209449 	 2.7782 	 3.18471 
134400	 0.0256808 	 3.25304 	 3.43563 
134500	 0.0273594 	 2.93059 	 3.84503 
134600	 0.0392746 	 3.1727 	 3.48643 
134700	 0.0252574 	 3.14159 	 3.98698 
134800	 0.0150058 	 2.64659 	 3.05656 
134900	 0.0226946 	 2.74464 	 3.23247 
135000	 0.0188046 	 2.42645 	 2.69483 
135100	 0.0380411 	 3.70125 	 4.69949 
135200	 0.0197846 	 3.20371 	 3.59681 
135300	 0.0268452 	 2.97801 	 3.62479 
135400	 0.032622 	 3.4143 	 4.00549 
135500	 0.0246872 	 2.67929 	 2.95837 
135600	 0.0140058 	 2.40503 	 2.6078 
135700	 0.0169388 	 2.04759 	 2.32071 
135800	 0.0178088 	 2.40294 	 2.74604 
135900	 0.0344902 	 2.64736 	 2.99129 
136000	 0.0231414 	 3.14134 	 3.73934 
136100	 0.0231067 	 3.22406 	 2.97935 
136200	 0.017018 	 2.78469 	 2.91073 
136300	 0.0304226 	 2.57599 	 3.01546 
136400	 0.0277194 	 3.18725 	 4.03991 
136500	 0.0305078 	 2.47466 	 3.11492 
136600	 0.0265716 	 2.75205 	 3.01463 
136700	 0.0292994 	 2.23545 	 2.52288 
136800	 0.0366019 	 3.05586 	 3.55934 
136900	 0.0182466 	 3.44667 	 4.32169 
137000	 0.0211319 	 2.73084 	 3.4625 
137100	 0.032926 	 3.22066 	 3.14554 
137200	 0.0134103 	 2.40982 	 2.63442 
137300	 0.0249119 	 3.03689 	 3.01131 
137400	 0.0242536 	 2.4799 	 2.71233 
137500	 0.0368656 	 2.78241 	 3.07251 
137600	 0.0295229 	 3.2836 	 3.70218 
137700	 0.0517884 	 3.37816 	 3.70809 
137800	 0.024303 	 2.61575 	 2.80856 
137900	 0.0244374 	 2.73029 	 3.3119 
138000	 0.0295973 	 2.65337 	 2.94655 
138100	 0.0396867 	 2.72668 	 2.96914 
138200	 0.0152132 	 2.70798 	 2.95774 
138300	 0.0312027 	 2.8438 	 3.49001 
138400	 0.0296676 	 2.91051 	 3.08193 
138500	 0.0254698 	 3.11778 	 3.76865 
138600	 0.0193461 	 3.23411 	 3.86974 
138700	 0.0258432 	 2.54635 	 2.99018 
138800	 0.0229594 	 2.74557 	 2.90138 
138900	 0.020022 	 2.70189 	 3.07825 
139000	 0.021639 	 2.11531 	 2.2312 
139100	 0.0156288 	 2.62011 	 2.68904 
139200	 0.0290553 	 2.31973 	 2.84997 
139300	 0.0224459 	 3.19721 	 3.74099 
139400	 0.0277913 	 2.63675 	 2.97941 
139500	 0.011804 	 2.60579 	 3.23243 
139600	 0.026874 	 2.66242 	 2.95291 
139700	 0.0219033 	 2.69999 	 3.46994 
139800	 0.0201478 	 2.54012 	 2.72513 
139900	 0.020186 	 2.44638 	 2.82926 
140000	 0.0266642 	 3.08069 	 3.20413 
140100	 0.0243295 	 3.18176 	 3.96269 
140200	 0.0305975 	 2.98766 	 3.35339 
140300	 0.0325002 	 3.05298 	 3.33261 
140400	 0.0408847 	 3.37942 	 3.14016 
140500	 0.0403892 	 3.08483 	 3.31562 
140600	 0.0353794 	 2.47071 	 3.00748 
140700	 0.0200521 	 2.9373 	 3.35644 
140800	 0.0185739 	 3.32926 	 3.87978 
140900	 0.0185234 	 3.85709 	 3.78888 
141000	 0.0255248 	 2.71139 	 3.07437 
141100	 0.0245959 	 2.70123 	 3.09812 
141200	 0.0166898 	 2.75937 	 2.29183 
141300	 0.0341296 	 3.21689 	 4.05268 
141400	 0.0241875 	 3.25231 	 3.57843 
141500	 0.0161124 	 2.33769 	 2.54735 
141600	 0.0243123 	 2.8917 	 3.258 
141700	 0.0351303 	 3.00657 	 3.17345 
141800	 0.017928 	 2.78309 	 2.89328 
141900	 0.0339376 	 3.3618 	 3.34143 
142000	 0.0278207 	 2.68104 	 3.00133 
142100	 0.0289447 	 2.98575 	 3.70317 
142200	 0.0187731 	 3.22859 	 3.78765 
142300	 0.0323993 	 2.70028 	 2.84044 
142400	 0.0234065 	 2.83304 	 3.21039 
142500	 0.034846 	 2.71703 	 3.24659 
142600	 0.0156676 	 3.25187 	 3.47365 
142700	 0.0292242 	 3.41486 	 3.50643 
142800	 0.0347844 	 2.97791 	 3.69182 
142900	 0.0175571 	 2.93207 	 3.18179 
143000	 0.0205738 	 3.29135 	 3.97179 
143100	 0.0228919 	 2.70411 	 3.22795 
143200	 0.032258 	 2.84497 	 3.34161 
143300	 0.0285435 	 2.97368 	 3.80002 
143400	 0.0196173 	 2.76506 	 3.03915 
143500	 0.023258 	 3.0461 	 3.37828 
143600	 0.0153561 	 3.08645 	 3.29351 
143700	 0.0368208 	 2.88135 	 3.30841 
143800	 0.0309531 	 3.52285 	 3.61363 
143900	 0.022009 	 2.96161 	 3.60172 
144000	 0.0288217 	 2.78111 	 2.64412 
144100	 0.0158637 	 2.70468 	 3.05973 
144200	 0.0242162 	 2.58483 	 2.58007 
144300	 0.0270431 	 2.81858 	 3.14044 
144400	 0.026637 	 2.97902 	 3.7241 
144500	 0.0282942 	 3.34158 	 3.79174 
144600	 0.0421094 	 2.50572 	 2.80873 
144700	 0.026131 	 3.43121 	 4.47856 
144800	 0.0224955 	 2.50848 	 2.90873 
144900	 0.0374936 	 2.95805 	 3.34199 
145000	 0.0121431 	 2.87621 	 3.06363 
145100	 0.0267709 	 3.14735 	 3.01215 
145200	 0.0200591 	 2.84212 	 2.70582 
145300	 0.0311238 	 3.73856 	 4.14963 
145400	 0.0193818 	 2.7418 	 3.08487 
145500	 0.0269076 	 2.703 	 2.84662 
145600	 0.0244122 	 2.70444 	 3.07867 
145700	 0.0481602 	 2.48799 	 2.67381 
145800	 0.0358118 	 2.60196 	 2.92124 
145900	 0.0387766 	 3.28814 	 3.59337 
146000	 0.0170135 	 2.94176 	 3.44297 
146100	 0.0292017 	 2.72339 	 2.9142 
146200	 0.020204 	 2.98456 	 3.19817 
146300	 0.0180185 	 2.66414 	 3.02882 
146400	 0.0257109 	 2.60487 	 2.94177 
146500	 0.0422707 	 3.34329 	 3.53291 
146600	 0.020074 	 3.48323 	 3.76303 
146700	 0.019924 	 2.57583 	 3.03802 
146800	 0.0232419 	 3.13223 	 3.60431 
146900	 0.0164125 	 3.30968 	 3.953 
147000	 0.0239935 	 3.09218 	 3.45085 
147100	 0.0307559 	 2.67822 	 3.10044 
147200	 0.0367534 	 3.23085 	 2.97551 
147300	 0.0198244 	 3.10961 	 3.50566 
147400	 0.041518 	 2.8006 	 3.28015 
147500	 0.021583 	 2.56556 	 2.72632 
147600	 0.0247 	 3.13697 	 3.6767 
147700	 0.0288381 	 2.81299 	 3.17848 
147800	 0.0300233 	 2.81445 	 3.30484 
147900	 0.0180867 	 3.00439 	 3.37843 
148000	 0.0200984 	 2.90759 	 3.47258 
148100	 0.0135567 	 2.64702 	 2.68259 
148200	 0.0284249 	 2.70529 	 3.01767 
148300	 0.0233917 	 2.90312 	 2.91643 
148400	 0.0240801 	 2.83619 	 3.05022 
148500	 0.0300063 	 2.46801 	 2.86541 
148600	 0.0293807 	 3.62188 	 4.06 
148700	 0.0159287 	 2.59076 	 2.38295 
148800	 0.0339051 	 2.63484 	 3.28979 
148900	 0.0166986 	 2.86098 	 3.67781 
149000	 0.0218684 	 2.62374 	 2.91813 
149100	 0.0191274 	 2.28377 	 2.61788 
149200	 0.0474051 	 3.99279 	 5.00017 
149300	 0.0233369 	 2.21424 	 2.38643 
149400	 0.0200894 	 3.50169 	 4.05867 
149500	 0.0387411 	 4.26538 	 4.44798 
149600	 0.0303038 	 2.75773 	 2.70899 
149700	 0.0272897 	 2.84052 	 3.22411 
149800	 0.0371623 	 2.84163 	 3.06156 
149900	 0.03303 	 3.19337 	 4.14561 
150000	 0.0230601 	 2.83012 	 3.15992 
150100	 0.0183607 	 2.90763 	 3.36325 
150200	 0.024344 	 2.54 	 2.6476 
150300	 0.0266182 	 2.95648 	 3.32784 
150400	 0.0207414 	 2.41012 	 2.82019 
150500	 0.0150068 	 2.65228 	 2.95978 
150600	 0.0207764 	 3.10167 	 3.59003 
150700	 0.0237823 	 2.99172 	 3.25092 
150800	 0.0288192 	 2.28342 	 2.43356 
150900	 0.0294821 	 3.06 	 3.33945 
151000	 0.0186924 	 3.33991 	 3.57011 
151100	 0.030755 	 2.39264 	 2.54045 
151200	 0.0158813 	 2.76144 	 3.2083 
151300	 0.0177996 	 2.71556 	 2.65116 
151400	 0.0247402 	 3.08329 	 3.41182 
151500	 0.0224439 	 2.54256 	 2.81905 
151600	 0.0410882 	 2.56818 	 3.09606 
151700	 0.0177055 	 2.90911 	 3.80066 
151800	 0.0190941 	 2.26811 	 2.66435 
151900	 0.0178311 	 4.17254 	 4.55163 
152000	 0.0234857 	 3.04044 	 3.55288 
152100	 0.0293371 	 2.94797 	 3.18927 
152200	 0.0321663 	 3.09234 	 3.77708 
152300	 0.0267115 	 2.89636 	 3.9178 
152400	 0.0181839 	 3.20435 	 3.40887 
152500	 0.0201681 	 3.29663 	 4.04414 
152600	 0.0180999 	 3.28219 	 3.93658 
152700	 0.0188853 	 3.18011 	 3.34683 
152800	 0.0272508 	 2.63713 	 2.52798 
152900	 0.0267485 	 3.04167 	 3.83076 
153000	 0.033383 	 2.57433 	 3.24848 
153100	 0.0132339 	 2.82101 	 3.12589 
153200	 0.0431667 	 3.21748 	 4.05443 
153300	 0.0254462 	 3.14641 	 3.24461 
153400	 0.0342016 	 2.97502 	 3.17053 
153500	 0.0275755 	 3.23917 	 3.83753 
153600	 0.0266669 	 3.45776 	 3.99059 
153700	 0.0270779 	 2.60841 	 2.68475 
153800	 0.0253533 	 3.01465 	 3.62407 
153900	 0.0258097 	 2.45653 	 2.33422 
154000	 0.0250283 	 3.26308 	 3.94249 
154100	 0.0186653 	 2.65949 	 3.00774 
154200	 0.0260543 	 2.60857 	 2.50397 
154300	 0.0185122 	 2.62369 	 2.92888 
154400	 0.0212846 	 2.78393 	 2.99854 
154500	 0.0532222 	 2.93352 	 3.1764 
154600	 0.0244279 	 2.43012 	 2.71535 
154700	 0.0172368 	 3.02929 	 3.24359 
154800	 0.0174055 	 2.46782 	 3.02786 
154900	 0.0388669 	 3.22238 	 3.68989 
155000	 0.0256829 	 3.09593 	 3.33891 
155100	 0.0308151 	 2.50649 	 2.68316 
155200	 0.0267193 	 2.64423 	 3.32211 
155300	 0.0192083 	 3.14869 	 3.79891 
155400	 0.0296059 	 2.88438 	 3.28894 
155500	 0.0268686 	 3.18608 	 3.60835 
155600	 0.0222157 	 2.95175 	 3.90651 
155700	 0.0248176 	 2.94301 	 2.96126 
155800	 0.0320571 	 3.01089 	 3.26731 
155900	 0.0253598 	 2.58467 	 2.77865 
156000	 0.0254234 	 2.79278 	 3.23579 
156100	 0.0267383 	 2.86782 	 3.28068 
156200	 0.0216133 	 2.89373 	 2.98068 
156300	 0.028455 	 2.54 	 2.85241 
156400	 0.029328 	 2.47945 	 3.14506 
156500	 0.0276287 	 2.56939 	 2.83858 
156600	 0.0335741 	 2.86868 	 3.11834 
156700	 0.0220606 	 2.7823 	 2.92625 
156800	 0.0149915 	 2.89742 	 3.32909 
156900	 0.0293157 	 2.59829 	 3.20227 
157000	 0.0205323 	 2.48247 	 2.8331 
157100	 0.0198849 	 3.21445 	 4.21295 
157200	 0.0215779 	 3.01694 	 3.48756 
157300	 0.0202718 	 2.98804 	 3.47646 
157400	 0.0235554 	 3.15439 	 4.00952 
157500	 0.0179841 	 2.68984 	 2.5279 
157600	 0.0168612 	 2.64254 	 2.48878 
157700	 0.0276991 	 2.68529 	 2.98738 
157800	 0.0261386 	 2.67101 	 2.70434 
157900	 0.0227283 	 2.959 	 3.52182 
158000	 0.0318992 	 3.37828 	 4.02727 
158100	 0.0248692 	 2.68316 	 3.21456 
158200	 0.0366785 	 2.99194 	 3.52736 
158300	 0.034539 	 3.15054 	 3.76711 
158400	 0.0231895 	 3.25594 	 4.21694 
158500	 0.0174367 	 2.99603 	 3.39179 
158600	 0.0309945 	 2.61274 	 3.00487 
158700	 0.021948 	 2.8093 	 2.77406 
158800	 0.0333427 	 3.46515 	 3.71922 
158900	 0.0144085 	 2.44939 	 2.70543 
159000	 0.0234389 	 2.90857 	 3.46103 
159100	 0.0222529 	 2.97316 	 3.33502 
159200	 0.0126166 	 2.65496 	 2.71499 
159300	 0.0216421 	 2.98553 	 3.3233 
159400	 0.0179143 	 2.72611 	 3.12855 
159500	 0.0315366 	 3.12214 	 3.43053 
159600	 0.0144635 	 2.95731 	 3.27707 
159700	 0.0398988 	 3.00333 	 3.03426 
159800	 0.0189216 	 2.80046 	 3.35235 
159900	 0.0215748 	 3.06902 	 3.47265 
160000	 0.0493939 	 2.54956 	 2.64012 
160100	 0.0224167 	 2.92161 	 2.80519 
160200	 0.034153 	 2.74719 	 3.15038 
160300	 0.0149758 	 3.68888 	 4.72054 
160400	 0.0182881 	 2.90254 	 3.7683 
160500	 0.0368528 	 2.91041 	 2.96977 
160600	 0.0160456 	 3.17551 	 3.69411 
160700	 0.0212588 	 2.83095 	 2.82772 
160800	 0.0402189 	 2.71378 	 3.26709 
160900	 0.0351446 	 2.75944 	 2.73528 
161000	 0.029537 	 2.94421 	 3.2448 
161100	 0.0273572 	 2.63467 	 2.99312 
161200	 0.0171428 	 3.00184 	 3.7941 
161300	 0.0230593 	 2.93076 	 3.15175 
161400	 0.0310368 	 2.8586 	 2.6227 
161500	 0.0236758 	 3.40157 	 3.96883 
161600	 0.0180267 	 2.9335 	 3.44918 
161700	 0.0185827 	 2.58085 	 2.94389 
161800	 0.0202448 	 2.87232 	 3.22297 
161900	 0.0190889 	 2.54664 	 2.77539 
162000	 0.0199303 	 2.79239 	 3.41927 
162100	 0.0359125 	 3.12964 	 3.69299 
162200	 0.0174152 	 2.98449 	 3.56997 
162300	 0.0393416 	 2.26822 	 2.43966 
162400	 0.0361418 	 3.26293 	 3.53597 
162500	 0.012025 	 3.11427 	 3.46748 
162600	 0.0175939 	 2.74153 	 3.50191 
162700	 0.0223207 	 3.48958 	 4.16802 
162800	 0.0189634 	 3.2706 	 3.35004 
162900	 0.020281 	 2.6993 	 3.22484 
163000	 0.0304988 	 3.11146 	 3.49709 
163100	 0.0129625 	 3.12493 	 3.33322 
163200	 0.0262891 	 3.01734 	 3.47739 
163300	 0.0222684 	 3.50874 	 3.98391 
163400	 0.0258199 	 3.33411 	 3.93626 
163500	 0.0312619 	 2.66673 	 2.98012 
163600	 0.0337599 	 3.51063 	 4.28907 
163700	 0.0219932 	 3.09058 	 3.8923 
163800	 0.0247661 	 2.74541 	 2.95878 
163900	 0.021154 	 2.6673 	 3.07267 
164000	 0.0226766 	 2.53618 	 2.83004 
164100	 0.015273 	 2.84564 	 3.16705 
164200	 0.0351301 	 2.64124 	 2.90403 
164300	 0.0223635 	 2.51533 	 2.92767 
164400	 0.0306258 	 2.64084 	 2.90432 
164500	 0.0244279 	 2.58499 	 3.15414 
164600	 0.0236396 	 2.60423 	 3.34434 
164700	 0.0164459 	 2.51912 	 2.59567 
164800	 0.0233371 	 2.40877 	 2.42437 
164900	 0.0354459 	 2.85704 	 3.85934 
165000	 0.0246247 	 2.83088 	 3.32852 
165100	 0.0184768 	 2.86779 	 2.97395 
165200	 0.0184193 	 3.39487 	 4.29841 
165300	 0.0263422 	 2.80498 	 3.12057 
165400	 0.0238941 	 2.97485 	 3.2992 
165500	 0.0248139 	 3.18722 	 3.79887 
165600	 0.0320115 	 2.87584 	 2.78129 
165700	 0.0183199 	 2.76467 	 3.3257 
165800	 0.0193979 	 2.63359 	 2.71644 
165900	 0.0296225 	 3.05038 	 3.60799 
166000	 0.0227739 	 3.27153 	 3.58527 
166100	 0.0306907 	 3.44187 	 4.24854 
166200	 0.025327 	 3.20379 	 3.65405 
166300	 0.0181972 	 3.09887 	 3.75032 
166400	 0.0256477 	 2.31168 	 2.81313 
166500	 0.0170461 	 2.90768 	 3.4647 
166600	 0.0150889 	 2.5456 	 2.92882 
166700	 0.0289105 	 3.14285 	 3.59182 
166800	 0.0278429 	 3.23735 	 3.71471 
166900	 0.0280172 	 2.32207 	 2.65523 
167000	 0.015771 	 2.62709 	 2.85878 
167100	 0.0308888 	 2.70417 	 3.01452 
167200	 0.0148366 	 2.25164 	 2.60908 
167300	 0.0204873 	 2.58395 	 3.02816 
167400	 0.0256948 	 2.78347 	 3.16705 
167500	 0.0175986 	 3.10706 	 3.41955 
167600	 0.0143347 	 3.03098 	 3.48222 
167700	 0.0322198 	 2.19675 	 2.5446 
167800	 0.0330595 	 2.57425 	 2.56626 
167900	 0.0196987 	 2.65571 	 3.19281 
168000	 0.0194941 	 2.98913 	 3.33949 
168100	 0.0218814 	 2.50808 	 3.09132 
168200	 0.0245456 	 2.88424 	 3.39045 
168300	 0.0261525 	 2.95278 	 3.34158 
168400	 0.0217346 	 2.53503 	 2.92107 
168500	 0.0374022 	 2.43745 	 2.84928 
168600	 0.029378 	 2.56792 	 2.98694 
168700	 0.0118448 	 2.18692 	 2.57271 
168800	 0.0312827 	 2.82324 	 2.90114 
168900	 0.0196437 	 2.54201 	 2.95383 
169000	 0.0200242 	 2.6109 	 2.86278 
169100	 0.0323695 	 2.67765 	 3.34903 
169200	 0.0159586 	 2.60122 	 3.07413 
169300	 0.0284588 	 2.29315 	 2.5187 
169400	 0.021202 	 3.28189 	 3.40677 
169500	 0.0228354 	 2.933 	 3.2131 
169600	 0.0334573 	 2.92036 	 3.39264 
169700	 0.0392907 	 3.08489 	 3.58547 
169800	 0.0243875 	 2.98663 	 3.58177 
169900	 0.0356639 	 2.5897 	 2.96498 
170000	 0.0332368 	 2.89455 	 3.49648 
170100	 0.0213051 	 3.00183 	 3.5509 
170200	 0.0286884 	 2.74712 	 3.39597 
170300	 0.0426828 	 3.11518 	 3.65017 
170400	 0.0343498 	 2.80653 	 3.30894 
170500	 0.0266317 	 3.14629 	 3.26462 
170600	 0.0274002 	 3.79807 	 4.29124 
170700	 0.0170467 	 2.42837 	 2.13199 
170800	 0.0227378 	 2.77171 	 3.1785 
170900	 0.0203265 	 2.45679 	 2.57324 
171000	 0.0345627 	 2.60879 	 2.74577 
171100	 0.0330584 	 2.93703 	 3.20145 
171200	 0.0206974 	 3.16089 	 3.63056 
171300	 0.0350625 	 2.88606 	 3.44593 
171400	 0.0357096 	 2.58591 	 2.88625 
171500	 0.0266541 	 3.29699 	 3.86421 
171600	 0.0112392 	 2.14396 	 2.52638 
171700	 0.0149586 	 3.20233 	 3.73213 
171800	 0.0197 	 2.71569 	 3.08921 
171900	 0.0354464 	 3.0747 	 3.46298 
172000	 0.0276699 	 2.61714 	 2.719 
172100	 0.0209321 	 2.65963 	 2.9784 
172200	 0.0131899 	 3.14073 	 4.28853 
172300	 0.0173388 	 2.80771 	 3.05852 
172400	 0.0234729 	 2.81667 	 3.13771 
172500	 0.025117 	 2.57065 	 2.74195 
172600	 0.0188842 	 3.07959 	 3.72108 
172700	 0.0373391 	 2.69102 	 2.68101 
172800	 0.024364 	 2.73885 	 2.99426 
172900	 0.0236355 	 3.57939 	 4.18726 
173000	 0.0223085 	 2.78998 	 3.39064 
173100	 0.0267768 	 2.79236 	 3.26095 
173200	 0.0248764 	 3.10426 	 3.46262 
173300	 0.0183281 	 2.51142 	 2.68694 
173400	 0.023276 	 2.98196 	 3.51215 
173500	 0.0173597 	 2.81388 	 3.19263 
173600	 0.0161942 	 2.65708 	 3.1626 
173700	 0.0288365 	 2.85273 	 2.91287 
173800	 0.0221242 	 2.5805 	 2.76088 
173900	 0.0143759 	 3.09235 	 3.69414 
174000	 0.0242162 	 2.89132 	 3.33971 
174100	 0.0214172 	 2.83711 	 3.20409 
174200	 0.0173482 	 2.71501 	 2.64309 
174300	 0.0185383 	 2.78283 	 3.02452 
174400	 0.0275936 	 2.36765 	 2.62945 
174500	 0.0157708 	 3.19401 	 3.68008 
174600	 0.0251543 	 3.45726 	 3.54181 
174700	 0.0334163 	 3.14742 	 3.90777 
174800	 0.0238212 	 2.46979 	 2.85535 
174900	 0.017794 	 2.96968 	 3.55248 
175000	 0.0266126 	 2.51986 	 2.73255 
175100	 0.024127 	 2.79838 	 3.35711 
175200	 0.025295 	 3.30902 	 3.87723 
175300	 0.036838 	 3.20057 	 3.23977 
175400	 0.0255724 	 3.18974 	 3.18481 
175500	 0.0142387 	 2.76766 	 2.73968 
175600	 0.041868 	 3.34188 	 3.7022 
175700	 0.0182443 	 2.78198 	 3.49129 
175800	 0.0292395 	 2.95626 	 3.46234 
175900	 0.0259042 	 2.16241 	 2.61423 
176000	 0.0267803 	 3.18326 	 3.44018 
176100	 0.0165502 	 3.19524 	 3.69322 
176200	 0.0379402 	 3.12023 	 3.15962 
176300	 0.0193866 	 2.87296 	 2.9184 
176400	 0.0241458 	 2.68911 	 3.07169 
176500	 0.0301211 	 2.89272 	 3.30848 
176600	 0.0355818 	 2.9947 	 3.68739 
176700	 0.0262548 	 3.16945 	 3.60116 
176800	 0.0247139 	 2.58635 	 3.03227 
176900	 0.0269344 	 2.84464 	 3.27718 
177000	 0.0269491 	 2.92648 	 2.95741 
177100	 0.0231479 	 2.91681 	 3.60369 
177200	 0.0242216 	 2.70579 	 3.11703 
177300	 0.0165668 	 2.91854 	 3.28743 
177400	 0.0137119 	 2.82024 	 3.66806 
177500	 0.0171441 	 2.81788 	 3.16498 
177600	 0.0147992 	 2.99303 	 3.19775 
177700	 0.0337936 	 3.04972 	 3.73366 
177800	 0.0183366 	 2.88339 	 3.36599 
177900	 0.0231721 	 2.66374 	 2.78236 
