0	 0.6197 	 97.9592 	 50.5947 
100	 0.339015 	 38.3105 	 46.2277 
200	 0.227701 	 26.6628 	 34.358 
300	 0.227938 	 23.7669 	 28.224 
400	 0.224725 	 20.2108 	 23.1402 
500	 0.209452 	 18.8187 	 19.5669 
600	 0.168332 	 17.3639 	 20.2102 
700	 0.144926 	 14.7576 	 14.6892 
800	 0.187341 	 15.9035 	 15.6555 
900	 0.148737 	 16.1252 	 15.908 
1000	 0.145902 	 13.9447 	 16.0599 
1100	 0.132422 	 14.3737 	 15.8501 
1200	 0.143933 	 14.3568 	 16.36 
1300	 0.148925 	 12.9695 	 13.8669 
1400	 0.150904 	 12.5794 	 13.3296 
1500	 0.121029 	 11.1444 	 11.1253 
1600	 0.11857 	 11.333 	 11.4226 
1700	 0.122245 	 10.5456 	 9.89889 
1800	 0.11552 	 11.555 	 11.9347 
1900	 0.100149 	 9.69807 	 11.0818 
2000	 0.100093 	 10.7185 	 10.7299 
2100	 0.108101 	 9.38037 	 10.324 
2200	 0.142071 	 10.7211 	 10.5192 
2300	 0.144781 	 10.9776 	 10.7842 
2400	 0.104504 	 9.14008 	 10.2875 
2500	 0.110631 	 9.84659 	 9.82768 
2600	 0.126197 	 8.45921 	 9.11493 
2700	 0.124563 	 9.27403 	 9.43147 
2800	 0.12526 	 10.1057 	 8.29589 
2900	 0.0890192 	 8.6382 	 8.36321 
3000	 0.10774 	 8.17005 	 8.91208 
3100	 0.101291 	 7.74428 	 7.9213 
3200	 0.0877613 	 8.92288 	 9.18249 
3300	 0.0980445 	 8.52409 	 7.59482 
3400	 0.0792496 	 8.06765 	 7.66842 
3500	 0.0745229 	 9.88762 	 8.7198 
3600	 0.0999189 	 8.86802 	 9.58544 
3700	 0.0942254 	 9.71008 	 10.6407 
3800	 0.136948 	 8.57941 	 9.00849 
3900	 0.0889844 	 7.24861 	 6.78552 
4000	 0.109485 	 8.84743 	 9.87704 
4100	 0.0936877 	 7.80871 	 8.41837 
4200	 0.0992125 	 7.35816 	 6.86699 
4300	 0.0743836 	 6.89913 	 7.39915 
4400	 0.0963085 	 6.76369 	 6.48874 
4500	 0.104903 	 8.04776 	 8.64024 
4600	 0.111065 	 8.68413 	 9.4985 
4700	 0.0800665 	 7.26932 	 7.05807 
4800	 0.128832 	 6.95817 	 6.57353 
4900	 0.0821732 	 7.36664 	 7.78091 
5000	 0.101901 	 7.46624 	 7.38125 
5100	 0.0849067 	 7.62741 	 9.57312 
5200	 0.118623 	 8.2213 	 9.36535 
5300	 0.123026 	 5.65017 	 5.59242 
5400	 0.103129 	 6.5292 	 6.25231 
5500	 0.0937041 	 6.01552 	 5.48963 
5600	 0.0765481 	 6.32874 	 7.02853 
5700	 0.0779825 	 7.31813 	 7.35945 
5800	 0.0812985 	 6.11973 	 6.26217 
5900	 0.0883077 	 7.43126 	 7.0361 
6000	 0.0667394 	 8.05205 	 8.20882 
6100	 0.105447 	 6.26513 	 6.87326 
6200	 0.0849703 	 5.93528 	 5.49236 
6300	 0.0910419 	 7.14937 	 6.91698 
6400	 0.0975412 	 7.57916 	 6.63396 
6500	 0.0868704 	 7.19716 	 8.03211 
6600	 0.0939488 	 7.35332 	 8.02074 
6700	 0.0721873 	 5.21966 	 5.25896 
6800	 0.0843055 	 5.573 	 6.6205 
6900	 0.0610992 	 6.96858 	 7.17317 
7000	 0.0938105 	 7.34684 	 7.69873 
7100	 0.0577945 	 6.61728 	 6.50164 
7200	 0.0671971 	 6.75806 	 7.81074 
7300	 0.0730102 	 5.48074 	 5.87338 
7400	 0.113294 	 6.32955 	 7.36841 
7500	 0.0730161 	 6.2911 	 6.87013 
7600	 0.0584933 	 5.21318 	 5.57697 
7700	 0.0913601 	 5.55942 	 5.2904 
7800	 0.0816527 	 6.32959 	 6.25461 
7900	 0.0743171 	 6.92087 	 7.18619 
8000	 0.100818 	 6.6937 	 6.01511 
8100	 0.0753479 	 6.03704 	 7.04263 
8200	 0.0900171 	 7.24532 	 7.4782 
8300	 0.0685348 	 4.99438 	 4.95077 
8400	 0.0769156 	 5.77942 	 6.00977 
8500	 0.0703208 	 5.89982 	 6.31099 
8600	 0.0907265 	 4.9399 	 4.67694 
8700	 0.0683998 	 6.90697 	 6.78256 
8800	 0.0867472 	 5.27777 	 6.28937 
8900	 0.0753502 	 6.15286 	 6.30034 
9000	 0.0542899 	 5.85945 	 5.99237 
9100	 0.0795787 	 4.86568 	 5.40726 
9200	 0.0593337 	 5.40727 	 5.29124 
9300	 0.0692629 	 6.60507 	 7.97596 
9400	 0.102769 	 5.69286 	 5.3409 
9500	 0.0846621 	 6.48429 	 6.74681 
9600	 0.0877672 	 5.48509 	 5.81134 
9700	 0.0720178 	 5.47208 	 6.13309 
9800	 0.0776023 	 5.24946 	 5.553 
9900	 0.0709025 	 5.78534 	 6.10016 
10000	 0.0695269 	 6.82794 	 7.14599 
10100	 0.100217 	 5.68345 	 6.03099 
10200	 0.0613776 	 6.30641 	 6.33763 
10300	 0.0740428 	 5.04965 	 6.38907 
10400	 0.0535034 	 4.95462 	 5.7912 
10500	 0.0569891 	 5.86284 	 6.46234 
10600	 0.0791824 	 6.35239 	 6.24165 
10700	 0.0592652 	 4.68253 	 4.9155 
10800	 0.0457167 	 5.5634 	 5.40081 
10900	 0.0762336 	 4.83073 	 5.10937 
11000	 0.0942929 	 5.14546 	 6.13724 
11100	 0.0929278 	 5.62647 	 6.58582 
11200	 0.0668234 	 6.16594 	 6.63102 
11300	 0.0797874 	 5.3242 	 6.46544 
11400	 0.0650828 	 6.42978 	 7.05326 
11500	 0.0936443 	 5.12397 	 5.81784 
11600	 0.0658762 	 5.67249 	 5.41603 
11700	 0.0730019 	 5.64486 	 5.35414 
11800	 0.0571045 	 5.74412 	 6.30222 
11900	 0.106286 	 5.11566 	 5.3043 
12000	 0.0716412 	 5.70439 	 6.14861 
12100	 0.0793318 	 6.10367 	 7.04203 
12200	 0.0595808 	 5.97519 	 6.40607 
12300	 0.0593006 	 4.79193 	 5.56076 
12400	 0.0871638 	 4.8252 	 5.63754 
12500	 0.0474673 	 5.22458 	 5.86648 
12600	 0.0722975 	 4.75635 	 5.22502 
12700	 0.0720141 	 5.49914 	 6.15933 
12800	 0.0754005 	 5.37216 	 5.9521 
12900	 0.0753591 	 5.18887 	 6.24241 
13000	 0.0704141 	 5.035 	 5.67111 
13100	 0.0790179 	 5.37689 	 6.24236 
13200	 0.0780993 	 4.92665 	 5.07356 
13300	 0.0717531 	 4.46297 	 5.11331 
13400	 0.0604831 	 4.96863 	 5.28806 
13500	 0.0797868 	 5.47806 	 5.8814 
13600	 0.061341 	 5.3492 	 6.01007 
13700	 0.0727744 	 5.335 	 5.68874 
13800	 0.0696669 	 4.32016 	 4.52825 
13900	 0.0609612 	 4.53262 	 4.91602 
14000	 0.0442554 	 5.5723 	 5.89391 
14100	 0.0532952 	 4.76071 	 5.4212 
14200	 0.0443321 	 5.23435 	 5.78083 
14300	 0.0532818 	 5.55578 	 5.62601 
14400	 0.0503436 	 4.92688 	 4.77258 
14500	 0.0681424 	 4.84643 	 5.4162 
14600	 0.0545566 	 4.49386 	 4.90683 
14700	 0.0655417 	 5.50293 	 5.67207 
14800	 0.0538471 	 5.13803 	 6.06762 
14900	 0.0761195 	 4.54508 	 4.95056 
15000	 0.0737298 	 5.23689 	 5.62298 
15100	 0.0461955 	 4.90744 	 5.43752 
15200	 0.0656591 	 4.93992 	 4.74771 
15300	 0.0594645 	 4.03597 	 4.5577 
15400	 0.0587714 	 4.94629 	 5.0913 
15500	 0.080521 	 5.12301 	 5.20388 
15600	 0.0644009 	 5.35111 	 5.37372 
15700	 0.0718008 	 5.32298 	 5.42804 
15800	 0.0612483 	 5.25936 	 5.08976 
15900	 0.0520101 	 5.11487 	 5.9193 
16000	 0.0526801 	 5.08502 	 5.56968 
16100	 0.0703729 	 5.18719 	 5.71784 
16200	 0.0797278 	 5.30429 	 5.66978 
16300	 0.0374242 	 4.82635 	 6.01356 
16400	 0.0473099 	 5.00681 	 5.44494 
16500	 0.0552368 	 6.26371 	 7.34054 
16600	 0.0490438 	 4.05424 	 4.23365 
16700	 0.0328622 	 4.6823 	 5.19997 
16800	 0.0479522 	 4.97881 	 5.52602 
16900	 0.0492533 	 4.61375 	 4.60565 
17000	 0.0623089 	 4.27653 	 4.68853 
17100	 0.0440896 	 4.29962 	 4.16079 
17200	 0.0654327 	 5.2335 	 5.08466 
17300	 0.0696592 	 4.67905 	 5.57455 
17400	 0.0772194 	 4.6396 	 5.16335 
17500	 0.0798223 	 5.16608 	 5.47935 
17600	 0.0634805 	 5.03125 	 5.75121 
17700	 0.064829 	 4.49851 	 5.28256 
17800	 0.0641353 	 5.82 	 6.84587 
17900	 0.0490532 	 4.49645 	 4.96266 
18000	 0.0613651 	 4.60376 	 4.9698 
18100	 0.0600814 	 4.64663 	 5.42459 
18200	 0.0557984 	 4.74778 	 4.75834 
18300	 0.084324 	 4.99337 	 5.61264 
18400	 0.0759529 	 4.85312 	 5.59697 
18500	 0.068399 	 5.24983 	 5.82007 
18600	 0.0457641 	 4.45034 	 5.31367 
18700	 0.081522 	 4.09487 	 3.97436 
18800	 0.0489436 	 3.92201 	 4.56506 
18900	 0.0644466 	 4.69032 	 5.19611 
19000	 0.0433692 	 3.85467 	 4.59335 
19100	 0.0766333 	 4.35596 	 4.53347 
19200	 0.0526383 	 4.46886 	 5.06928 
19300	 0.0790581 	 5.41411 	 5.61343 
19400	 0.0564817 	 4.08983 	 4.1761 
19500	 0.0456407 	 4.01113 	 4.47838 
19600	 0.0602406 	 4.86989 	 5.04201 
19700	 0.0517857 	 4.46461 	 4.96522 
19800	 0.0541131 	 4.13077 	 4.02732 
19900	 0.06696 	 4.57062 	 4.3068 
20000	 0.048752 	 5.39926 	 6.84191 
20100	 0.0941698 	 4.61544 	 4.82868 
20200	 0.0480783 	 3.92007 	 4.12664 
20300	 0.0547897 	 5.18356 	 5.7299 
20400	 0.0712327 	 5.19199 	 6.10568 
20500	 0.0812243 	 5.21474 	 5.52189 
20600	 0.050275 	 4.60772 	 4.88845 
20700	 0.0380637 	 4.58469 	 5.49632 
20800	 0.052451 	 4.47824 	 5.23227 
20900	 0.0588011 	 5.46923 	 4.9679 
21000	 0.0792558 	 4.22325 	 4.49019 
21100	 0.0470071 	 3.8515 	 4.10397 
21200	 0.0552504 	 5.16537 	 6.55907 
21300	 0.0418077 	 4.62719 	 5.35064 
21400	 0.0683071 	 4.38592 	 4.87424 
21500	 0.0557038 	 4.77261 	 5.60588 
21600	 0.0514778 	 3.40642 	 3.73925 
21700	 0.0690286 	 5.17551 	 5.95266 
21800	 0.0439717 	 4.21243 	 4.46984 
21900	 0.0430562 	 4.1634 	 4.40753 
22000	 0.073984 	 4.97317 	 5.61068 
22100	 0.0530037 	 4.47681 	 5.21756 
22200	 0.045699 	 4.91251 	 5.35925 
22300	 0.0476676 	 4.97547 	 5.33527 
22400	 0.0561082 	 5.52854 	 5.73151 
22500	 0.0541126 	 4.80973 	 5.72449 
22600	 0.0447264 	 4.27057 	 5.12072 
22700	 0.0512723 	 4.1776 	 4.69856 
22800	 0.0477865 	 4.75969 	 5.46964 
22900	 0.0709056 	 4.87483 	 4.89416 
23000	 0.0668449 	 5.16251 	 5.97466 
23100	 0.0500438 	 4.13136 	 4.77815 
23200	 0.0360409 	 4.20494 	 4.43179 
23300	 0.0513332 	 4.39586 	 4.9828 
23400	 0.064434 	 4.48139 	 4.71909 
23500	 0.0689826 	 5.06386 	 5.0767 
23600	 0.0595286 	 4.58335 	 4.71918 
23700	 0.0328781 	 4.93139 	 5.92411 
23800	 0.0679898 	 4.12079 	 4.71696 
23900	 0.0612208 	 4.45598 	 4.73841 
24000	 0.0614046 	 4.04814 	 4.12007 
24100	 0.069667 	 4.21487 	 4.56858 
24200	 0.045137 	 4.43228 	 4.63581 
24300	 0.0700492 	 4.69847 	 5.0166 
24400	 0.0350185 	 4.31026 	 5.29447 
24500	 0.0662038 	 4.69718 	 4.8511 
24600	 0.0617236 	 4.89376 	 4.86057 
24700	 0.0367137 	 3.84005 	 4.45978 
24800	 0.0541742 	 4.35844 	 5.7682 
24900	 0.0470133 	 4.1625 	 4.34687 
25000	 0.0699917 	 4.86318 	 5.26106 
25100	 0.041046 	 4.48481 	 4.76959 
25200	 0.034268 	 3.48135 	 3.92916 
25300	 0.044262 	 4.53452 	 5.26498 
25400	 0.047875 	 4.32555 	 4.84995 
25500	 0.0578799 	 4.93977 	 6.14304 
25600	 0.0494747 	 4.37553 	 4.44991 
25700	 0.0498006 	 4.30291 	 4.68467 
25800	 0.0649791 	 4.43201 	 4.75799 
25900	 0.0676979 	 4.69334 	 5.59853 
26000	 0.0574946 	 5.06405 	 5.38864 
26100	 0.0432035 	 3.64808 	 3.92846 
26200	 0.044161 	 4.25404 	 4.2422 
26300	 0.0493921 	 3.80832 	 4.85145 
26400	 0.0405353 	 4.73445 	 4.80161 
26500	 0.0420873 	 3.70543 	 4.35171 
26600	 0.0604252 	 3.88308 	 4.3529 
26700	 0.0571207 	 4.72961 	 4.20377 
26800	 0.0450739 	 4.3086 	 4.43618 
26900	 0.0398897 	 4.05138 	 4.65099 
27000	 0.0693507 	 3.7585 	 4.52291 
27100	 0.0618486 	 4.72319 	 4.78213 
27200	 0.0565602 	 4.71404 	 5.12587 
27300	 0.0411323 	 3.48052 	 4.16671 
27400	 0.0507765 	 4.31261 	 5.00412 
27500	 0.0453716 	 4.59329 	 5.26629 
27600	 0.0353839 	 4.1349 	 4.69767 
27700	 0.0478563 	 4.28795 	 5.05637 
27800	 0.0498684 	 5.24039 	 5.94221 
27900	 0.0455162 	 3.84696 	 3.92998 
28000	 0.080711 	 4.54201 	 5.05348 
28100	 0.0542434 	 5.06341 	 5.73969 
28200	 0.0383343 	 4.57292 	 4.85295 
28300	 0.0578569 	 4.48137 	 4.89375 
28400	 0.0474743 	 3.95417 	 4.00504 
28500	 0.0323967 	 4.38474 	 4.3669 
28600	 0.0276406 	 4.25405 	 4.35876 
28700	 0.0477414 	 4.11933 	 4.21562 
28800	 0.0567273 	 4.54224 	 4.72044 
28900	 0.0588902 	 4.81229 	 4.55928 
29000	 0.0399209 	 3.88218 	 4.32023 
29100	 0.0298992 	 4.99046 	 5.63725 
29200	 0.0501552 	 4.62856 	 4.92501 
29300	 0.0602779 	 4.27782 	 4.8518 
29400	 0.0420118 	 3.95881 	 3.87304 
29500	 0.0548929 	 3.91581 	 4.28218 
29600	 0.0713896 	 4.70432 	 5.30212 
29700	 0.0466578 	 4.9211 	 6.57774 
29800	 0.0546616 	 4.54414 	 5.4731 
29900	 0.0505805 	 4.167 	 4.64935 
30000	 0.0514327 	 3.91737 	 4.25441 
30100	 0.0421306 	 4.76557 	 5.35283 
30200	 0.0363241 	 4.46323 	 5.04766 
30300	 0.0371781 	 5.25957 	 6.36902 
30400	 0.0398789 	 4.06357 	 4.39565 
30500	 0.046786 	 4.53637 	 4.85104 
30600	 0.0549739 	 3.94054 	 3.7346 
30700	 0.0567953 	 4.08477 	 4.82672 
30800	 0.0319933 	 3.92154 	 3.84498 
30900	 0.0532363 	 4.37128 	 4.96676 
31000	 0.0423815 	 4.19941 	 4.57909 
31100	 0.0515239 	 4.93006 	 5.5177 
31200	 0.038753 	 3.97367 	 4.59097 
31300	 0.0499187 	 3.74436 	 4.00291 
31400	 0.0642243 	 4.5124 	 4.78944 
31500	 0.060737 	 5.12887 	 5.42054 
31600	 0.0482147 	 4.47385 	 5.13818 
31700	 0.0474741 	 4.67759 	 4.93633 
31800	 0.0439392 	 4.19626 	 5.07762 
31900	 0.0459297 	 5.23155 	 5.31858 
32000	 0.0449134 	 4.37883 	 5.12536 
32100	 0.0625585 	 4.97335 	 6.07955 
32200	 0.0492124 	 4.05954 	 4.22781 
32300	 0.0564737 	 4.08236 	 4.4997 
32400	 0.0287848 	 3.778 	 4.55447 
32500	 0.0590261 	 4.28091 	 4.86358 
32600	 0.0403963 	 4.31147 	 4.8663 
32700	 0.0608827 	 4.35986 	 4.71177 
32800	 0.0424246 	 3.89721 	 4.42758 
32900	 0.0518565 	 4.66406 	 5.39359 
33000	 0.0685282 	 4.05556 	 3.93749 
33100	 0.0398256 	 3.55573 	 4.61216 
33200	 0.0492091 	 3.20536 	 3.33429 
33300	 0.0365751 	 3.94882 	 4.14601 
33400	 0.0418374 	 4.50129 	 5.37002 
33500	 0.0430404 	 4.17285 	 4.83464 
33600	 0.0445327 	 4.18945 	 5.04362 
33700	 0.0497863 	 4.92485 	 4.96942 
33800	 0.0557327 	 3.43059 	 3.79356 
33900	 0.0426076 	 4.10555 	 4.7456 
34000	 0.0664705 	 4.77116 	 5.13903 
34100	 0.061308 	 4.03145 	 4.72201 
34200	 0.0466561 	 4.70753 	 4.77083 
34300	 0.0380726 	 3.37511 	 3.75339 
34400	 0.0542196 	 4.21818 	 4.76246 
34500	 0.0440612 	 4.31406 	 5.09753 
34600	 0.0365634 	 4.0334 	 4.34401 
34700	 0.057045 	 4.19769 	 4.96995 
34800	 0.0364402 	 4.39137 	 4.77854 
34900	 0.041868 	 4.12702 	 4.23588 
35000	 0.0454227 	 3.74174 	 4.35941 
35100	 0.0450135 	 3.70188 	 4.283 
35200	 0.0479108 	 3.66872 	 3.64568 
35300	 0.0788068 	 3.60002 	 3.84408 
35400	 0.0466913 	 4.52887 	 5.13369 
35500	 0.0433185 	 4.63726 	 5.12371 
35600	 0.0392599 	 4.56025 	 4.93932 
35700	 0.0538996 	 4.58181 	 5.10915 
35800	 0.0267208 	 3.70467 	 4.15515 
35900	 0.0446939 	 3.91273 	 3.76878 
36000	 0.0451431 	 4.07077 	 4.62706 
36100	 0.0339099 	 3.944 	 4.15782 
36200	 0.0440971 	 3.98014 	 4.50336 
36300	 0.0454864 	 3.73455 	 3.94222 
36400	 0.0523399 	 4.64089 	 5.01039 
36500	 0.0473933 	 4.00723 	 4.19041 
36600	 0.0445489 	 4.63701 	 5.15733 
36700	 0.0549084 	 4.67654 	 5.00303 
36800	 0.0411652 	 4.00207 	 3.92831 
36900	 0.0241095 	 4.10744 	 4.63184 
37000	 0.0329961 	 4.2039 	 4.23427 
37100	 0.0730569 	 4.59824 	 4.91824 
37200	 0.0572131 	 3.88728 	 4.10438 
37300	 0.0559476 	 5.2637 	 6.15542 
37400	 0.0393948 	 3.34339 	 3.77768 
37500	 0.0483415 	 4.68237 	 5.1732 
37600	 0.0374497 	 4.32001 	 5.14629 
37700	 0.0347544 	 3.68774 	 4.14986 
37800	 0.0447106 	 4.43446 	 4.84113 
37900	 0.0533602 	 3.85691 	 4.32334 
38000	 0.0492683 	 4.69866 	 4.98732 
38100	 0.049643 	 3.89644 	 4.26672 
38200	 0.0501962 	 4.7662 	 4.90756 
38300	 0.041272 	 3.88413 	 4.47267 
38400	 0.0456562 	 4.35632 	 4.65941 
38500	 0.0337418 	 3.99434 	 4.76627 
38600	 0.0604295 	 4.16433 	 4.9664 
38700	 0.048232 	 5.09623 	 6.09014 
38800	 0.0438045 	 4.36034 	 4.42468 
38900	 0.056821 	 4.49798 	 5.19904 
39000	 0.0487253 	 3.4946 	 3.66538 
39100	 0.0411558 	 4.05709 	 4.31526 
39200	 0.0320768 	 4.67421 	 4.65106 
39300	 0.0535258 	 4.53258 	 4.61862 
39400	 0.0572981 	 4.11524 	 5.30401 
39500	 0.0525575 	 4.14865 	 4.47715 
39600	 0.0550411 	 4.33075 	 4.8411 
39700	 0.0730124 	 4.32182 	 4.71313 
39800	 0.0672464 	 3.84366 	 4.4437 
39900	 0.048745 	 4.60604 	 4.4572 
40000	 0.0577848 	 4.42912 	 5.50265 
40100	 0.0526071 	 4.62419 	 5.18387 
40200	 0.0611898 	 4.26012 	 4.60598 
40300	 0.0589083 	 4.67365 	 4.8653 
40400	 0.0355174 	 4.3397 	 4.99164 
40500	 0.0340127 	 5.07137 	 5.25891 
40600	 0.0668326 	 4.20788 	 4.44396 
40700	 0.0440531 	 3.65221 	 3.92245 
40800	 0.0395041 	 3.87929 	 4.44991 
40900	 0.0351698 	 3.98707 	 4.73576 
41000	 0.0593986 	 4.04135 	 4.12624 
41100	 0.0555584 	 4.34487 	 4.74057 
41200	 0.0416779 	 3.81965 	 3.93757 
41300	 0.0430742 	 3.71782 	 4.24634 
41400	 0.0469043 	 3.31752 	 3.46636 
41500	 0.0335093 	 4.33061 	 4.21565 
41600	 0.0415675 	 3.8306 	 4.75719 
41700	 0.0417073 	 3.91976 	 3.86759 
41800	 0.0443798 	 4.53849 	 5.60108 
41900	 0.0626658 	 4.24193 	 4.91887 
42000	 0.0488638 	 4.32395 	 4.57731 
42100	 0.0460704 	 4.53079 	 5.4307 
42200	 0.0297586 	 4.19343 	 4.95718 
42300	 0.0315689 	 4.15728 	 4.33304 
42400	 0.0592737 	 4.19211 	 4.92128 
42500	 0.0460971 	 4.27226 	 5.01512 
42600	 0.0392692 	 3.91646 	 3.93628 
42700	 0.0500135 	 5.14732 	 5.463 
42800	 0.055216 	 3.9561 	 4.32816 
42900	 0.0418781 	 4.38863 	 4.97588 
43000	 0.0394208 	 2.92078 	 3.18175 
43100	 0.0556305 	 4.07882 	 4.73234 
43200	 0.033109 	 3.42009 	 4.06379 
43300	 0.0387027 	 3.65187 	 4.01881 
43400	 0.0394486 	 4.81394 	 4.77062 
43500	 0.0281653 	 4.37666 	 4.80221 
43600	 0.0396479 	 4.86926 	 5.79244 
43700	 0.0456554 	 4.00672 	 4.564 
43800	 0.0462947 	 2.96929 	 3.40127 
43900	 0.0474008 	 4.7408 	 5.56144 
44000	 0.0448016 	 3.83618 	 4.15875 
44100	 0.0498586 	 4.61538 	 5.49207 
44200	 0.0515722 	 3.69129 	 3.94957 
44300	 0.0415465 	 4.03647 	 4.20175 
44400	 0.0516593 	 3.81708 	 4.20268 
44500	 0.068147 	 4.0598 	 4.12265 
44600	 0.0321002 	 4.06108 	 4.34714 
44700	 0.0714641 	 3.99913 	 4.29398 
44800	 0.0450842 	 4.32142 	 4.61979 
44900	 0.040294 	 4.59885 	 5.43712 
45000	 0.0685909 	 4.05468 	 4.36313 
45100	 0.0401177 	 3.99269 	 4.36501 
45200	 0.0477938 	 4.61136 	 5.5653 
45300	 0.0490257 	 3.79233 	 4.0871 
45400	 0.055203 	 3.6907 	 4.0523 
45500	 0.0375128 	 4.16566 	 4.10967 
45600	 0.0548969 	 4.25572 	 4.93506 
45700	 0.0389766 	 3.48732 	 3.79388 
45800	 0.0402716 	 3.44421 	 2.91563 
45900	 0.0325138 	 4.08567 	 5.05743 
46000	 0.0367068 	 3.87614 	 4.3863 
46100	 0.0432053 	 3.86723 	 4.57595 
46200	 0.0418512 	 4.0406 	 4.62073 
46300	 0.0304537 	 3.21792 	 3.76581 
46400	 0.0411202 	 3.78973 	 4.05976 
46500	 0.0443687 	 4.67752 	 5.12823 
46600	 0.0391863 	 4.33826 	 4.78028 
46700	 0.0515726 	 4.24121 	 5.00923 
46800	 0.0319202 	 4.77689 	 5.61388 
46900	 0.0309888 	 4.36348 	 4.49782 
47000	 0.0394182 	 4.16441 	 4.31095 
47100	 0.0333095 	 4.58808 	 5.17242 
47200	 0.0479532 	 3.94382 	 3.96013 
47300	 0.0293521 	 3.57341 	 4.18964 
47400	 0.032998 	 4.54146 	 5.46865 
47500	 0.0402664 	 3.86148 	 4.15355 
47600	 0.0501996 	 3.57273 	 3.69508 
47700	 0.0355578 	 3.96856 	 4.341 
47800	 0.0360758 	 4.07655 	 3.43103 
47900	 0.0238192 	 3.57966 	 3.61665 
48000	 0.0322909 	 3.53487 	 3.93109 
48100	 0.0692722 	 3.71754 	 3.75127 
48200	 0.0550172 	 4.35774 	 4.89192 
48300	 0.0350099 	 4.06409 	 4.37452 
48400	 0.0381272 	 4.55593 	 4.55944 
48500	 0.061936 	 3.73899 	 4.24582 
48600	 0.0350934 	 3.58492 	 3.75764 
48700	 0.0494629 	 4.23693 	 4.97991 
48800	 0.0466763 	 3.41562 	 3.93755 
48900	 0.0321599 	 4.63653 	 5.28162 
49000	 0.0420272 	 4.96069 	 5.89281 
49100	 0.0438714 	 4.36835 	 4.5916 
49200	 0.033515 	 5.17375 	 5.32574 
49300	 0.0382593 	 4.39537 	 4.40495 
49400	 0.0530015 	 3.90293 	 4.69947 
49500	 0.021647 	 4.08036 	 4.04841 
49600	 0.0444082 	 4.97905 	 5.36866 
49700	 0.0420591 	 4.1938 	 4.70788 
49800	 0.0428938 	 3.45175 	 3.99962 
49900	 0.0363981 	 3.7182 	 3.99577 
50000	 0.0344735 	 4.7677 	 5.35912 
50100	 0.0381495 	 3.79074 	 4.32771 
50200	 0.0287984 	 3.71652 	 4.23214 
50300	 0.0450039 	 4.29871 	 4.25957 
50400	 0.0456985 	 3.40815 	 3.73474 
50500	 0.0357475 	 3.83074 	 3.99901 
50600	 0.0288777 	 3.36875 	 3.54654 
50700	 0.0420218 	 3.54248 	 3.88539 
50800	 0.0320391 	 3.82816 	 4.63574 
50900	 0.0368851 	 4.08835 	 4.66077 
51000	 0.0300328 	 4.00132 	 4.42838 
51100	 0.0544395 	 3.61464 	 3.86764 
51200	 0.0220555 	 3.21867 	 3.58341 
51300	 0.0241196 	 3.8147 	 4.21591 
51400	 0.0289104 	 3.39728 	 3.4528 
51500	 0.0564079 	 4.24252 	 4.91059 
51600	 0.0433985 	 3.85064 	 4.1637 
51700	 0.0345415 	 3.8167 	 4.12144 
51800	 0.0357752 	 4.5451 	 5.19352 
51900	 0.0405419 	 3.9501 	 4.71904 
52000	 0.046655 	 3.96884 	 4.44966 
52100	 0.074962 	 4.12547 	 4.88646 
52200	 0.0536701 	 4.73472 	 5.16462 
52300	 0.0436289 	 4.53812 	 5.56032 
52400	 0.0319851 	 3.6525 	 4.0568 
52500	 0.0278199 	 4.14886 	 4.2782 
52600	 0.0311649 	 4.05264 	 4.2467 
52700	 0.0301561 	 4.05456 	 3.94925 
52800	 0.0459801 	 4.07873 	 4.43866 
52900	 0.0506292 	 3.54581 	 4.19544 
53000	 0.0690964 	 3.28718 	 3.13858 
53100	 0.036788 	 3.28841 	 3.80492 
53200	 0.0462416 	 3.42099 	 4.03796 
53300	 0.0340995 	 3.42011 	 3.59456 
53400	 0.0498448 	 4.21194 	 4.50826 
53500	 0.0202608 	 3.22341 	 3.59284 
53600	 0.0520833 	 3.91799 	 4.39787 
53700	 0.0390921 	 3.57879 	 3.88643 
53800	 0.0349905 	 3.8778 	 3.93768 
53900	 0.0415275 	 3.82545 	 4.14406 
54000	 0.0480143 	 3.76243 	 4.59375 
54100	 0.0326625 	 3.69227 	 4.60376 
54200	 0.0456142 	 3.5791 	 3.74616 
54300	 0.0408841 	 4.17853 	 4.79967 
54400	 0.0423132 	 3.95679 	 4.20095 
54500	 0.056205 	 3.67448 	 4.11843 
54600	 0.0492594 	 3.50956 	 4.08508 
54700	 0.0420292 	 3.6449 	 3.9026 
54800	 0.0289796 	 3.352 	 3.46847 
54900	 0.0280844 	 3.36872 	 3.5399 
55000	 0.0392787 	 3.62315 	 4.14444 
55100	 0.0403526 	 3.48891 	 3.87499 
55200	 0.0485667 	 4.04902 	 4.83845 
55300	 0.0373124 	 4.21775 	 4.71728 
55400	 0.0368404 	 3.37988 	 4.00471 
55500	 0.0423275 	 3.64393 	 4.1441 
55600	 0.0384373 	 4.29298 	 4.86783 
55700	 0.0515434 	 3.95968 	 4.20183 
55800	 0.0344523 	 3.52122 	 4.30357 
55900	 0.0424654 	 3.74265 	 3.87278 
56000	 0.0429322 	 4.45783 	 5.26416 
56100	 0.0287591 	 3.70987 	 3.38185 
56200	 0.0438497 	 3.38534 	 4.06787 
56300	 0.0530383 	 3.46718 	 3.81356 
56400	 0.030032 	 3.47325 	 3.85238 
56500	 0.0630547 	 4.21411 	 4.94475 
56600	 0.0538083 	 3.58093 	 3.57493 
56700	 0.0366685 	 4.10418 	 4.9057 
56800	 0.0479446 	 3.90749 	 4.46365 
56900	 0.0382369 	 3.5084 	 3.83843 
57000	 0.0274734 	 4.35762 	 5.4439 
57100	 0.0303142 	 4.53517 	 5.82669 
57200	 0.0371351 	 4.3748 	 5.13604 
57300	 0.0437508 	 3.32227 	 3.35059 
57400	 0.0307421 	 3.65848 	 4.24214 
57500	 0.0504176 	 4.04388 	 4.54081 
57600	 0.0500233 	 3.5648 	 3.39907 
57700	 0.0364515 	 4.13477 	 4.93255 
57800	 0.0473347 	 4.35809 	 5.13821 
57900	 0.031211 	 4.38303 	 5.23037 
58000	 0.0244027 	 3.93926 	 4.77205 
58100	 0.0301656 	 4.2456 	 3.89981 
58200	 0.0412092 	 3.76304 	 3.49094 
58300	 0.0260985 	 3.49015 	 3.43847 
58400	 0.0355783 	 3.85874 	 4.23675 
58500	 0.0312486 	 3.95549 	 4.80544 
58600	 0.0329111 	 3.5803 	 3.562 
58700	 0.0413226 	 3.6191 	 3.73283 
58800	 0.0274198 	 4.31101 	 5.12089 
58900	 0.0558088 	 4.01987 	 5.02099 
59000	 0.0402996 	 3.67336 	 4.27328 
59100	 0.0338778 	 4.0683 	 5.18616 
59200	 0.0668115 	 3.51331 	 4.20995 
59300	 0.0332665 	 3.13821 	 3.59688 
59400	 0.051364 	 3.80134 	 4.09647 
59500	 0.0204213 	 4.3202 	 4.73763 
59600	 0.0358757 	 3.65603 	 4.3422 
59700	 0.0307858 	 2.9319 	 3.71069 
59800	 0.0268253 	 4.25205 	 4.58826 
59900	 0.0382985 	 3.95597 	 4.65966 
60000	 0.0428416 	 4.34735 	 4.68439 
60100	 0.0523173 	 4.11951 	 4.81062 
60200	 0.0357939 	 3.91643 	 4.34429 
60300	 0.0285466 	 3.67627 	 3.99124 
60400	 0.045048 	 3.16414 	 3.48448 
60500	 0.0416443 	 3.68824 	 4.21141 
60600	 0.0526082 	 3.69284 	 4.13373 
60700	 0.0475185 	 3.3564 	 3.60171 
60800	 0.0395897 	 3.54302 	 3.63027 
60900	 0.0365495 	 3.64568 	 4.36919 
61000	 0.0563507 	 3.66012 	 3.73105 
61100	 0.0464209 	 4.50719 	 4.78841 
61200	 0.0262613 	 3.4966 	 3.80288 
61300	 0.0320579 	 3.89356 	 4.00463 
61400	 0.0477417 	 5.18787 	 5.22607 
61500	 0.0602922 	 2.88315 	 2.82383 
61600	 0.03169 	 3.50912 	 3.74204 
61700	 0.0471232 	 3.84709 	 4.15183 
61800	 0.0518193 	 3.14866 	 3.09405 
61900	 0.0527792 	 3.85542 	 3.52168 
62000	 0.0333774 	 3.75904 	 4.36059 
62100	 0.0187832 	 3.50589 	 3.52925 
62200	 0.0411663 	 4.33315 	 4.89447 
62300	 0.0303161 	 3.5292 	 3.73624 
62400	 0.0296183 	 3.85982 	 4.33569 
62500	 0.0330548 	 4.19644 	 4.38156 
62600	 0.0324731 	 3.22424 	 3.24936 
62700	 0.0380033 	 3.74706 	 4.20493 
62800	 0.0352366 	 3.48563 	 3.5606 
62900	 0.0436971 	 3.48344 	 4.27986 
63000	 0.0310589 	 3.62942 	 3.81963 
63100	 0.0429824 	 3.83344 	 4.6028 
63200	 0.037268 	 4.11975 	 4.24314 
63300	 0.0387862 	 3.78719 	 4.22416 
63400	 0.0214827 	 3.8115 	 4.16649 
63500	 0.0249289 	 3.51046 	 3.85653 
63600	 0.0295725 	 4.16445 	 4.94308 
63700	 0.0516122 	 3.94611 	 3.96366 
63800	 0.0334253 	 3.75337 	 4.44619 
63900	 0.0391948 	 4.08474 	 5.03827 
64000	 0.0608544 	 3.44328 	 3.48923 
64100	 0.0815939 	 4.11623 	 4.32402 
64200	 0.0361949 	 3.70026 	 3.73557 
64300	 0.0363218 	 4.40783 	 4.8514 
64400	 0.0450125 	 3.17113 	 3.61278 
64500	 0.0470157 	 3.34281 	 3.37523 
64600	 0.0471455 	 3.08411 	 2.961 
64700	 0.0328902 	 4.07804 	 4.57422 
64800	 0.0381645 	 3.33863 	 3.47165 
64900	 0.0409562 	 3.84375 	 4.09675 
65000	 0.0400818 	 3.77275 	 4.24123 
65100	 0.0462617 	 3.62501 	 4.10905 
65200	 0.0510006 	 3.01528 	 3.10711 
65300	 0.0423134 	 3.17157 	 3.51234 
65400	 0.0353401 	 3.99694 	 4.36101 
65500	 0.0364304 	 4.57766 	 5.42547 
65600	 0.0434942 	 4.2742 	 4.88948 
65700	 0.0460941 	 3.58436 	 3.94074 
65800	 0.0362188 	 3.44521 	 3.89564 
65900	 0.0425874 	 4.15798 	 4.73365 
66000	 0.0838374 	 4.41105 	 4.84054 
66100	 0.0388263 	 4.62013 	 5.52798 
66200	 0.0444615 	 3.74353 	 4.10996 
66300	 0.049329 	 4.31782 	 4.69378 
66400	 0.0475041 	 3.89384 	 4.66322 
66500	 0.0320664 	 4.19798 	 4.47456 
66600	 0.0299325 	 3.87962 	 4.31335 
66700	 0.0411707 	 3.75302 	 4.52758 
66800	 0.0357568 	 3.75085 	 3.88507 
66900	 0.0249939 	 3.92035 	 4.29281 
67000	 0.0249492 	 4.62651 	 5.57813 
67100	 0.0314398 	 3.44966 	 4.07294 
67200	 0.0552426 	 4.1277 	 4.61244 
67300	 0.0294135 	 3.95401 	 3.77921 
67400	 0.0468687 	 3.83853 	 4.08698 
67500	 0.0350181 	 4.13353 	 3.45234 
67600	 0.0432728 	 4.24084 	 4.75708 
67700	 0.0515934 	 3.51929 	 3.69217 
67800	 0.0523721 	 3.15764 	 3.08018 
67900	 0.0383514 	 3.7486 	 4.06953 
68000	 0.0295139 	 4.24136 	 4.81129 
68100	 0.0318977 	 4.15483 	 4.15 
68200	 0.0278601 	 3.62378 	 4.28477 
68300	 0.0340701 	 3.25502 	 3.45192 
68400	 0.0409183 	 3.99733 	 4.76434 
68500	 0.0488893 	 4.34094 	 4.50472 
68600	 0.0612317 	 3.29675 	 3.56697 
68700	 0.0310559 	 3.37849 	 3.88966 
68800	 0.0373331 	 3.50301 	 3.39595 
68900	 0.0393565 	 3.86378 	 4.71417 
69000	 0.0415207 	 3.61538 	 3.97974 
69100	 0.02858 	 4.24422 	 4.35564 
69200	 0.0672138 	 3.92239 	 4.70087 
69300	 0.0477809 	 4.08696 	 4.33565 
69400	 0.0358386 	 3.49122 	 3.99654 
69500	 0.0419837 	 4.27264 	 4.95029 
69600	 0.0244206 	 3.85475 	 3.69564 
69700	 0.0268574 	 3.3518 	 3.68144 
69800	 0.0305206 	 3.87267 	 4.19801 
69900	 0.0368789 	 3.82727 	 4.14073 
70000	 0.0192549 	 4.029 	 4.4648 
70100	 0.0537615 	 3.71146 	 4.40228 
70200	 0.0396906 	 3.12912 	 3.35033 
70300	 0.022645 	 3.63377 	 3.90905 
70400	 0.0271582 	 3.28684 	 3.57344 
70500	 0.0356814 	 3.81947 	 4.38913 
70600	 0.0438743 	 3.4697 	 3.74436 
70700	 0.0449701 	 3.54427 	 4.11652 
70800	 0.0473467 	 4.07911 	 4.73868 
70900	 0.0758319 	 3.77861 	 4.27559 
71000	 0.0431139 	 4.17127 	 4.62804 
71100	 0.0379957 	 3.58594 	 4.34967 
71200	 0.033866 	 4.03309 	 4.51536 
71300	 0.0505639 	 4.32443 	 6.03203 
71400	 0.0470779 	 3.48823 	 4.0481 
71500	 0.0501899 	 4.33141 	 4.18825 
71600	 0.0380809 	 3.6998 	 3.637 
71700	 0.0378801 	 4.04188 	 3.95251 
71800	 0.0306564 	 3.40051 	 3.28504 
71900	 0.0356509 	 3.95374 	 4.37366 
72000	 0.0346682 	 4.03365 	 4.79118 
72100	 0.0460922 	 4.12199 	 3.98744 
72200	 0.0477518 	 4.06179 	 4.56222 
72300	 0.0353129 	 4.01138 	 4.42527 
72400	 0.0333649 	 3.60854 	 4.18443 
72500	 0.0281414 	 3.47568 	 4.06111 
72600	 0.0507465 	 3.67376 	 3.83089 
72700	 0.0324333 	 3.00009 	 3.05847 
72800	 0.0282211 	 3.22298 	 3.58508 
72900	 0.0262236 	 3.11429 	 3.40592 
73000	 0.0300054 	 3.33721 	 3.65911 
73100	 0.028005 	 3.61978 	 4.48632 
73200	 0.0413273 	 3.92994 	 4.40165 
73300	 0.0300776 	 4.44842 	 4.70034 
73400	 0.0359297 	 3.31036 	 3.68302 
73500	 0.0305221 	 4.16159 	 4.98565 
73600	 0.0550641 	 4.19016 	 3.97522 
73700	 0.035382 	 3.27291 	 3.87043 
73800	 0.0360418 	 3.53931 	 4.05779 
73900	 0.0478802 	 3.1841 	 3.80664 
74000	 0.0441646 	 4.13312 	 4.10671 
74100	 0.0406407 	 3.55967 	 3.67014 
74200	 0.0291074 	 4.58078 	 4.69716 
74300	 0.0545565 	 4.52292 	 5.27547 
74400	 0.0322622 	 3.56984 	 4.18849 
74500	 0.0434663 	 4.38907 	 5.10583 
74600	 0.034266 	 3.38446 	 3.29942 
74700	 0.0360601 	 3.4255 	 3.35956 
74800	 0.0531379 	 3.64988 	 4.5333 
74900	 0.0252472 	 3.92985 	 4.78267 
75000	 0.0314792 	 4.04843 	 4.44598 
75100	 0.0243703 	 3.22353 	 3.27081 
75200	 0.0408865 	 4.00274 	 4.1746 
75300	 0.0279195 	 3.73693 	 4.3539 
75400	 0.0245551 	 3.44311 	 4.11562 
75500	 0.0391546 	 3.96638 	 4.15693 
75600	 0.0387521 	 4.24267 	 4.87077 
75700	 0.0322982 	 3.73941 	 4.44411 
75800	 0.0377424 	 4.75132 	 6.07372 
75900	 0.0357516 	 4.05834 	 4.73438 
76000	 0.025183 	 3.0485 	 3.14508 
76100	 0.0379386 	 3.09823 	 3.34134 
76200	 0.038231 	 3.8543 	 4.66831 
76300	 0.0429349 	 3.86283 	 4.49546 
76400	 0.0380762 	 3.33277 	 3.50933 
76500	 0.0377403 	 4.19856 	 4.79078 
76600	 0.0244125 	 4.20397 	 4.21362 
76700	 0.0356081 	 3.88841 	 3.96877 
76800	 0.0370018 	 3.59091 	 3.99434 
76900	 0.0292524 	 3.96772 	 4.30572 
77000	 0.0449226 	 3.95516 	 4.72997 
77100	 0.0541825 	 3.57876 	 4.12031 
77200	 0.0371453 	 3.56659 	 3.88622 
77300	 0.0237822 	 3.54017 	 4.08945 
77400	 0.0267775 	 3.50008 	 3.85466 
77500	 0.0269696 	 3.34939 	 3.69777 
77600	 0.0523334 	 4.08428 	 4.36017 
77700	 0.0348576 	 3.10623 	 3.10789 
77800	 0.0411208 	 3.58914 	 4.02058 
77900	 0.0361101 	 4.24274 	 4.47288 
78000	 0.0457368 	 3.95976 	 3.44238 
78100	 0.0372772 	 2.82709 	 3.16034 
78200	 0.047055 	 3.76866 	 4.5195 
78300	 0.0569398 	 3.51516 	 4.26873 
78400	 0.0403054 	 3.63584 	 3.38635 
78500	 0.0375849 	 4.29208 	 4.61148 
78600	 0.0273098 	 3.49797 	 3.96382 
78700	 0.0236191 	 4.15613 	 5.5633 
78800	 0.0336825 	 3.58536 	 4.19414 
78900	 0.0488546 	 3.96782 	 4.96935 
79000	 0.0400022 	 3.51366 	 3.90908 
79100	 0.0284957 	 4.2534 	 4.3475 
79200	 0.035126 	 3.00711 	 2.98867 
79300	 0.0444965 	 4.40602 	 5.29865 
79400	 0.0284237 	 3.32714 	 3.63118 
79500	 0.0484467 	 3.62841 	 4.01691 
79600	 0.0357095 	 4.10249 	 4.70451 
79700	 0.0464952 	 3.65379 	 3.62543 
79800	 0.0296801 	 2.8905 	 3.18349 
79900	 0.0234679 	 3.91305 	 4.99909 
80000	 0.0366267 	 3.84358 	 3.89654 
80100	 0.0371423 	 3.67974 	 4.11885 
80200	 0.0344957 	 4.31035 	 4.42437 
80300	 0.0384543 	 3.69711 	 3.85901 
80400	 0.0337443 	 3.64752 	 4.38059 
80500	 0.0370603 	 3.82495 	 4.78422 
80600	 0.0375687 	 3.74904 	 4.4116 
80700	 0.0344366 	 3.79719 	 4.25132 
80800	 0.0238268 	 3.89661 	 4.27938 
80900	 0.0234022 	 3.67896 	 3.85353 
81000	 0.0382803 	 3.12585 	 3.17104 
81100	 0.0199155 	 3.82641 	 3.75454 
81200	 0.036183 	 3.5217 	 3.95947 
81300	 0.0295834 	 3.65451 	 3.91369 
81400	 0.0295225 	 3.99049 	 4.47535 
81500	 0.0404029 	 3.10135 	 3.19866 
81600	 0.0490367 	 4.11452 	 4.72386 
81700	 0.028768 	 3.51814 	 3.86948 
81800	 0.0469891 	 3.37976 	 3.74606 
81900	 0.0404681 	 3.33781 	 3.19113 
82000	 0.0289121 	 4.27911 	 5.62118 
82100	 0.0516052 	 3.96034 	 4.45181 
82200	 0.033334 	 4.26234 	 4.95366 
82300	 0.0327205 	 3.94734 	 4.71147 
82400	 0.0340998 	 4.13154 	 5.29801 
82500	 0.0398868 	 3.07402 	 3.28957 
82600	 0.0274227 	 3.91665 	 4.69592 
82700	 0.0309938 	 3.63369 	 3.78528 
82800	 0.0520466 	 3.82351 	 3.92973 
82900	 0.0429051 	 3.60922 	 4.05414 
83000	 0.0539041 	 3.372 	 3.92106 
83100	 0.0537137 	 3.18652 	 3.69253 
83200	 0.0495377 	 3.99744 	 4.81741 
83300	 0.0394881 	 4.66119 	 5.13895 
83400	 0.0360632 	 3.57065 	 4.20043 
83500	 0.0306693 	 3.06873 	 3.7284 
83600	 0.0421561 	 3.53115 	 3.52577 
83700	 0.0346406 	 3.56809 	 3.73892 
83800	 0.0371722 	 4.00694 	 4.75507 
83900	 0.0247572 	 3.08157 	 3.89116 
84000	 0.042748 	 3.07998 	 3.55287 
84100	 0.0281228 	 4.26153 	 4.14692 
84200	 0.04281 	 3.78082 	 4.24467 
84300	 0.0396395 	 3.76349 	 4.05838 
84400	 0.0272267 	 3.52549 	 3.59602 
84500	 0.0432411 	 3.98992 	 4.51184 
84600	 0.029352 	 3.6546 	 4.02809 
84700	 0.0343443 	 3.64164 	 3.49063 
84800	 0.0306865 	 3.71916 	 4.32032 
84900	 0.0360126 	 3.73007 	 4.57655 
85000	 0.0277689 	 3.47181 	 3.37502 
85100	 0.0355306 	 3.45121 	 3.80066 
85200	 0.0349763 	 3.49354 	 3.78878 
85300	 0.0385407 	 3.70188 	 4.23289 
85400	 0.0258486 	 3.44178 	 3.89359 
85500	 0.0276955 	 3.64241 	 3.9891 
85600	 0.0199707 	 3.25693 	 3.73701 
85700	 0.0248561 	 3.67256 	 3.84351 
85800	 0.0439901 	 3.76705 	 3.87716 
85900	 0.0197695 	 4.02805 	 4.03668 
86000	 0.0423908 	 3.61142 	 3.64075 
86100	 0.0338186 	 4.66418 	 5.6262 
86200	 0.0462198 	 3.78557 	 4.74254 
86300	 0.0330969 	 3.87742 	 4.50768 
86400	 0.0456505 	 3.37408 	 3.18857 
86500	 0.0250827 	 2.90392 	 3.42416 
86600	 0.0489008 	 3.99825 	 4.89572 
86700	 0.0324179 	 3.74868 	 4.54887 
86800	 0.0317278 	 3.61726 	 4.65468 
86900	 0.0522032 	 3.46946 	 4.06205 
87000	 0.0358985 	 3.60883 	 4.04698 
87100	 0.0352678 	 3.49054 	 4.18263 
87200	 0.0334641 	 3.62667 	 3.93358 
87300	 0.0223927 	 3.04197 	 3.7737 
87400	 0.0501513 	 3.86065 	 4.41994 
87500	 0.029246 	 3.58896 	 4.27363 
87600	 0.0511614 	 3.49333 	 4.02569 
87700	 0.0357229 	 4.20635 	 5.71093 
87800	 0.0285948 	 3.45276 	 3.82083 
87900	 0.04209 	 3.58628 	 3.92889 
88000	 0.0470725 	 4.74776 	 4.93377 
88100	 0.0465574 	 3.99266 	 5.25215 
88200	 0.0435286 	 3.7405 	 4.68425 
88300	 0.0215318 	 2.83799 	 2.98979 
88400	 0.0424372 	 4.55209 	 5.19774 
88500	 0.0327857 	 4.02876 	 4.76093 
88600	 0.0460481 	 3.6273 	 4.15933 
88700	 0.0271901 	 3.24693 	 3.64703 
88800	 0.0517326 	 3.73687 	 4.07432 
88900	 0.0264797 	 3.54138 	 4.05713 
89000	 0.0159975 	 3.77942 	 3.91871 
89100	 0.0303216 	 3.7497 	 4.10055 
89200	 0.0352438 	 4.37075 	 4.24708 
89300	 0.0327591 	 2.88288 	 3.26208 
89400	 0.0246989 	 3.94097 	 4.11553 
89500	 0.030398 	 3.31635 	 3.48041 
89600	 0.0353633 	 3.96702 	 4.04692 
89700	 0.0306833 	 4.61005 	 4.43047 
89800	 0.041628 	 3.69033 	 4.32686 
89900	 0.0263361 	 4.34331 	 5.25664 
90000	 0.0377262 	 3.29197 	 3.69924 
90100	 0.0374491 	 3.40342 	 3.5128 
90200	 0.0415632 	 4.57138 	 4.34096 
90300	 0.0312325 	 3.81572 	 4.5948 
90400	 0.044713 	 3.51928 	 3.7819 
90500	 0.0233256 	 3.76962 	 3.76096 
90600	 0.0265956 	 3.73515 	 4.15879 
90700	 0.02427 	 3.71427 	 4.67172 
90800	 0.0206698 	 3.48781 	 4.10014 
90900	 0.0286023 	 3.74382 	 3.91566 
91000	 0.0330402 	 3.52988 	 3.52965 
91100	 0.0510047 	 3.55256 	 4.02332 
91200	 0.0404369 	 3.47864 	 4.03224 
91300	 0.0236522 	 4.02357 	 4.01123 
91400	 0.0295836 	 3.02786 	 3.18792 
91500	 0.0340774 	 3.38954 	 3.41128 
91600	 0.0345221 	 3.55648 	 4.15203 
91700	 0.0310244 	 3.41819 	 3.36834 
91800	 0.0431639 	 4.07009 	 4.91574 
91900	 0.0316579 	 4.34376 	 4.97881 
92000	 0.033809 	 3.615 	 3.89811 
92100	 0.0399156 	 3.10773 	 2.95524 
92200	 0.0385564 	 3.47896 	 3.85958 
92300	 0.0310282 	 3.24389 	 3.75972 
92400	 0.0373859 	 3.37023 	 3.57768 
92500	 0.0634334 	 3.796 	 4.04733 
92600	 0.0266295 	 3.82544 	 4.45414 
92700	 0.0560087 	 3.32737 	 3.81995 
92800	 0.0301459 	 3.43326 	 3.8135 
92900	 0.0390141 	 3.63482 	 3.61129 
93000	 0.0263082 	 3.7777 	 4.20467 
93100	 0.0368438 	 4.36104 	 4.70845 
93200	 0.0428151 	 3.60725 	 4.11434 
93300	 0.0151031 	 4.05265 	 4.72017 
93400	 0.0555151 	 3.96576 	 3.41085 
93500	 0.045327 	 4.33139 	 5.40497 
93600	 0.0467159 	 4.05954 	 4.49317 
93700	 0.0234653 	 3.05765 	 3.25785 
93800	 0.045132 	 2.87679 	 3.27571 
93900	 0.0438742 	 3.83328 	 4.51967 
94000	 0.0449971 	 3.23329 	 3.63615 
94100	 0.043091 	 3.398 	 3.60044 
94200	 0.0291553 	 4.59947 	 5.36838 
94300	 0.0446538 	 3.74303 	 3.80121 
94400	 0.0313778 	 3.08936 	 3.3652 
94500	 0.040576 	 4.07719 	 4.89689 
94600	 0.0220693 	 3.2142 	 3.72794 
94700	 0.052059 	 3.8217 	 3.86624 
94800	 0.0213693 	 3.13308 	 3.37298 
94900	 0.0277949 	 3.85297 	 4.27621 
95000	 0.0305313 	 3.47202 	 3.93896 
95100	 0.055027 	 3.52052 	 3.56429 
95200	 0.0282224 	 3.28682 	 3.72314 
95300	 0.0395498 	 3.09709 	 3.06843 
95400	 0.0201996 	 3.1981 	 3.56184 
95500	 0.027005 	 3.94136 	 4.55223 
95600	 0.0322831 	 3.83527 	 4.12326 
95700	 0.0373333 	 3.49003 	 3.8427 
95800	 0.038962 	 3.23714 	 3.14055 
95900	 0.0324905 	 3.39172 	 4.0105 
96000	 0.0397233 	 3.31387 	 3.09937 
96100	 0.0395633 	 3.15587 	 3.88999 
96200	 0.0301198 	 3.30563 	 3.70496 
96300	 0.042842 	 3.28654 	 3.84452 
96400	 0.0225835 	 3.17257 	 3.56095 
96500	 0.0301688 	 4.03656 	 4.93068 
96600	 0.0381025 	 3.31907 	 3.96282 
96700	 0.0375532 	 4.09768 	 5.08102 
96800	 0.0462178 	 3.64706 	 3.78346 
96900	 0.0402982 	 3.91233 	 4.49094 
97000	 0.0410326 	 3.6375 	 4.35276 
97100	 0.0204028 	 3.09001 	 3.18622 
97200	 0.038536 	 3.03662 	 3.35374 
97300	 0.0267405 	 4.0912 	 4.24916 
97400	 0.025787 	 3.22942 	 3.18362 
97500	 0.0389436 	 3.41919 	 4.23778 
97600	 0.0373848 	 3.99671 	 4.47631 
97700	 0.0362812 	 3.38807 	 4.14071 
97800	 0.037638 	 4.11925 	 4.54801 
97900	 0.0304888 	 3.77093 	 4.49347 
98000	 0.0285046 	 3.34831 	 3.96372 
98100	 0.0430716 	 3.58222 	 4.17714 
98200	 0.0429236 	 3.78983 	 4.69675 
98300	 0.0267361 	 3.2366 	 3.74327 
98400	 0.0219207 	 3.80287 	 3.68087 
98500	 0.0340599 	 3.12545 	 3.51506 
98600	 0.0259416 	 3.57653 	 4.09573 
98700	 0.0404833 	 4.14676 	 4.4698 
98800	 0.0461602 	 3.66971 	 4.41313 
98900	 0.0520095 	 3.6245 	 3.98145 
99000	 0.0330572 	 3.51366 	 3.51545 
99100	 0.0398229 	 3.68756 	 4.11643 
99200	 0.0424267 	 3.17444 	 3.18926 
99300	 0.0341585 	 3.47353 	 3.44315 
99400	 0.0603399 	 3.62323 	 3.86924 
99500	 0.0291602 	 2.87304 	 3.24657 
99600	 0.0200103 	 3.65637 	 3.63546 
99700	 0.0232089 	 3.58954 	 3.76082 
99800	 0.0421728 	 3.48724 	 3.88575 
99900	 0.0228958 	 3.36227 	 3.65151 
100000	 0.0394554 	 3.86761 	 4.05681 
100100	 0.0494503 	 3.75598 	 4.17144 
100200	 0.0302127 	 3.46456 	 4.00219 
100300	 0.0252483 	 4.28693 	 5.19862 
100400	 0.0266021 	 3.63903 	 4.17853 
100500	 0.0397663 	 3.359 	 3.83101 
100600	 0.0245284 	 4.02228 	 4.89452 
100700	 0.032738 	 3.4683 	 3.70744 
100800	 0.0423473 	 3.62157 	 3.72331 
100900	 0.0403277 	 3.57627 	 4.05962 
101000	 0.0388181 	 3.28048 	 3.61931 
101100	 0.0303647 	 3.56246 	 4.2561 
101200	 0.038341 	 3.99157 	 4.43461 
101300	 0.0323218 	 2.97057 	 3.26801 
101400	 0.0513553 	 3.85868 	 3.75576 
101500	 0.0377865 	 3.49143 	 3.83321 
101600	 0.0267841 	 3.72331 	 3.90071 
101700	 0.0460799 	 3.87051 	 4.47635 
101800	 0.0434511 	 4.28746 	 5.35049 
101900	 0.029086 	 3.97629 	 4.41171 
102000	 0.0392636 	 3.7798 	 3.63103 
102100	 0.0210921 	 3.65215 	 3.94027 
102200	 0.0304054 	 3.63755 	 4.31301 
102300	 0.0298649 	 4.60111 	 5.76405 
102400	 0.0319016 	 3.59594 	 4.16678 
102500	 0.0456079 	 3.22226 	 3.87832 
102600	 0.035107 	 4.22219 	 4.90168 
102700	 0.0351213 	 3.58341 	 3.56561 
102800	 0.0361961 	 3.38887 	 4.08964 
102900	 0.0330234 	 3.23517 	 3.65109 
103000	 0.0565341 	 3.98691 	 4.25496 
103100	 0.0374565 	 3.25812 	 3.82599 
103200	 0.033468 	 3.61467 	 4.43567 
103300	 0.0470178 	 3.60899 	 4.22847 
103400	 0.0439769 	 3.66208 	 3.70143 
103500	 0.0207484 	 4.0242 	 4.06288 
103600	 0.0441049 	 3.6696 	 3.57204 
103700	 0.0329572 	 3.17736 	 3.48853 
103800	 0.0449672 	 3.63793 	 4.2785 
103900	 0.0386028 	 3.66384 	 4.21029 
104000	 0.0269013 	 4.14406 	 4.1798 
104100	 0.0233206 	 3.94238 	 4.53927 
104200	 0.0284732 	 3.83625 	 4.15231 
104300	 0.0377799 	 3.99586 	 4.38183 
104400	 0.0621496 	 4.40857 	 4.88782 
104500	 0.0353903 	 3.09004 	 3.21658 
104600	 0.0440006 	 3.84531 	 5.08808 
104700	 0.0365076 	 3.20204 	 3.59065 
104800	 0.0262577 	 3.59522 	 4.24757 
104900	 0.0382844 	 3.37514 	 4.1037 
105000	 0.0319907 	 3.11244 	 3.43981 
105100	 0.0419389 	 3.67185 	 3.77389 
105200	 0.041937 	 3.35248 	 3.15959 
105300	 0.0317395 	 4.40938 	 4.81822 
105400	 0.0289286 	 4.66924 	 5.54836 
105500	 0.0362122 	 4.10606 	 5.38108 
105600	 0.0384531 	 3.55156 	 3.95756 
105700	 0.0290971 	 3.43157 	 3.78979 
105800	 0.0310513 	 3.46563 	 4.04704 
105900	 0.0220993 	 3.15053 	 2.71163 
106000	 0.0370403 	 3.46275 	 3.75158 
106100	 0.0475631 	 3.70596 	 4.15779 
106200	 0.0408122 	 4.01868 	 4.7533 
106300	 0.0416333 	 3.57432 	 3.60123 
106400	 0.0234282 	 3.5726 	 4.00065 
106500	 0.0252488 	 3.87478 	 4.42979 
106600	 0.0386904 	 3.52476 	 4.45999 
106700	 0.0261104 	 3.08632 	 2.96445 
106800	 0.0479531 	 3.6888 	 4.43985 
106900	 0.0264625 	 3.40579 	 3.67039 
107000	 0.0323852 	 4.46466 	 4.19267 
107100	 0.0388294 	 3.53582 	 4.00847 
107200	 0.0316541 	 3.01601 	 3.15466 
107300	 0.043367 	 3.71902 	 4.20981 
107400	 0.0249934 	 3.77005 	 3.91441 
107500	 0.0385912 	 3.77708 	 3.98436 
107600	 0.0304437 	 3.72223 	 4.60725 
107700	 0.0320787 	 3.658 	 4.28539 
107800	 0.0221864 	 3.30279 	 4.09008 
107900	 0.036124 	 3.06784 	 3.18761 
108000	 0.0405404 	 3.39284 	 4.02693 
108100	 0.0228727 	 3.65974 	 3.71119 
108200	 0.0472471 	 3.54439 	 3.73117 
108300	 0.0342551 	 3.51787 	 4.13215 
108400	 0.0261892 	 3.6143 	 3.81334 
108500	 0.0394291 	 3.25081 	 3.41872 
108600	 0.0348745 	 3.39027 	 3.50055 
108700	 0.0408568 	 3.71943 	 4.25616 
108800	 0.0516379 	 3.58613 	 3.68387 
108900	 0.0377074 	 3.79761 	 3.81225 
109000	 0.0223481 	 3.37505 	 3.58146 
109100	 0.0407251 	 3.46575 	 3.68913 
109200	 0.0329085 	 3.91924 	 4.05654 
109300	 0.0366605 	 3.62067 	 4.48066 
109400	 0.0360366 	 3.75043 	 4.15343 
109500	 0.0256123 	 3.04078 	 3.45884 
109600	 0.0376018 	 3.65066 	 4.10387 
109700	 0.0287051 	 3.03123 	 3.19318 
109800	 0.0289706 	 3.65359 	 4.27184 
109900	 0.0370971 	 3.9574 	 4.5114 
110000	 0.03014 	 3.51062 	 3.96587 
110100	 0.035925 	 3.91179 	 4.29297 
110200	 0.0310461 	 4.20583 	 5.22305 
110300	 0.0432911 	 4.20837 	 5.24149 
110400	 0.0247534 	 2.96779 	 3.65027 
110500	 0.0281742 	 3.7445 	 4.75297 
110600	 0.0424388 	 3.77144 	 4.00072 
110700	 0.0207973 	 3.28625 	 3.27599 
110800	 0.0329466 	 3.24252 	 3.34928 
110900	 0.0191831 	 3.40063 	 3.47516 
111000	 0.0224523 	 3.14047 	 3.13439 
111100	 0.0579388 	 3.90535 	 4.39482 
111200	 0.0368658 	 3.61944 	 4.90438 
111300	 0.0283357 	 3.70193 	 4.36909 
111400	 0.0415981 	 3.49484 	 3.74477 
111500	 0.0324899 	 4.10845 	 4.85112 
111600	 0.0477884 	 4.29501 	 4.63228 
111700	 0.043174 	 3.64839 	 3.66924 
111800	 0.0306649 	 3.52733 	 3.82912 
111900	 0.0391412 	 3.2292 	 3.79972 
112000	 0.0424819 	 3.5667 	 4.21748 
112100	 0.0426244 	 2.91424 	 3.38948 
112200	 0.0312556 	 3.54261 	 3.2923 
112300	 0.0352436 	 4.02932 	 4.4597 
112400	 0.0392637 	 3.69172 	 4.27747 
112500	 0.04834 	 3.6795 	 3.82884 
112600	 0.0174378 	 3.42494 	 3.81487 
112700	 0.0346214 	 3.58994 	 3.89223 
112800	 0.0217013 	 3.44705 	 4.20434 
112900	 0.0214592 	 3.29854 	 3.28871 
113000	 0.0268185 	 3.77921 	 4.5763 
113100	 0.0423418 	 4.73442 	 5.28317 
113200	 0.0308937 	 3.67975 	 4.31723 
113300	 0.0426959 	 3.65507 	 3.58698 
113400	 0.0331413 	 3.81988 	 4.05975 
113500	 0.0261096 	 3.57861 	 3.83463 
113600	 0.0457342 	 4.46176 	 5.34409 
113700	 0.0446881 	 3.83467 	 4.18286 
113800	 0.0428518 	 3.64279 	 4.22941 
113900	 0.0399194 	 3.69533 	 3.76723 
114000	 0.0269282 	 3.3067 	 3.8788 
114100	 0.0349072 	 3.7442 	 4.11934 
114200	 0.0331645 	 3.61492 	 3.86735 
114300	 0.0409211 	 3.86145 	 4.80331 
114400	 0.0333436 	 2.95149 	 3.71496 
114500	 0.0246139 	 4.47208 	 5.05339 
114600	 0.023484 	 3.54451 	 3.73968 
114700	 0.031324 	 2.99343 	 3.55152 
114800	 0.0301229 	 3.21253 	 3.32609 
114900	 0.031835 	 4.11179 	 4.91089 
115000	 0.0304374 	 3.75587 	 3.98216 
115100	 0.0300337 	 3.94984 	 5.25165 
115200	 0.0343752 	 3.39073 	 3.79934 
115300	 0.03847 	 3.82405 	 4.29815 
115400	 0.0323267 	 3.31518 	 3.37138 
115500	 0.0422534 	 3.37401 	 3.64882 
115600	 0.0318729 	 3.61577 	 4.14079 
115700	 0.0420516 	 3.44351 	 4.35014 
115800	 0.0379998 	 2.89529 	 3.14193 
115900	 0.0348563 	 3.21828 	 3.41173 
116000	 0.0221201 	 3.3115 	 4.04807 
116100	 0.0448087 	 3.23793 	 3.66972 
116200	 0.0248329 	 3.47796 	 4.14624 
116300	 0.019863 	 2.87506 	 3.32381 
116400	 0.0313157 	 3.29663 	 3.25897 
116500	 0.0375653 	 3.61696 	 3.6944 
116600	 0.0350193 	 3.52918 	 3.4738 
116700	 0.0314918 	 3.42724 	 3.73525 
116800	 0.0432347 	 3.27001 	 3.86688 
116900	 0.0396966 	 3.82665 	 5.02467 
117000	 0.032344 	 3.65261 	 4.40984 
117100	 0.0231536 	 2.5508 	 2.70391 
117200	 0.0376695 	 3.67025 	 3.9038 
117300	 0.0366148 	 3.37197 	 3.93322 
117400	 0.0273787 	 3.78208 	 4.49576 
117500	 0.0335413 	 3.57654 	 3.82432 
117600	 0.0341679 	 3.86565 	 4.6648 
117700	 0.0348392 	 2.84721 	 2.70422 
117800	 0.0354313 	 4.04297 	 4.32413 
117900	 0.0292996 	 3.04905 	 3.70174 
118000	 0.0260541 	 4.01266 	 4.6475 
118100	 0.0263527 	 3.56862 	 3.80413 
118200	 0.0180074 	 3.13155 	 3.36672 
118300	 0.0251029 	 3.21713 	 2.87606 
118400	 0.0489811 	 4.19502 	 5.00019 
118500	 0.0151878 	 3.03944 	 3.12309 
118600	 0.0425011 	 3.45034 	 3.6293 
118700	 0.0372113 	 3.83094 	 4.08302 
118800	 0.0372026 	 3.45366 	 3.68639 
118900	 0.0392826 	 3.84697 	 4.20334 
119000	 0.0468431 	 3.87262 	 4.72479 
119100	 0.0365409 	 4.16871 	 5.06606 
119200	 0.0283169 	 3.97324 	 4.82882 
119300	 0.0437265 	 4.09086 	 4.6464 
119400	 0.0267248 	 3.32097 	 3.74603 
119500	 0.0327939 	 3.57197 	 4.31131 
119600	 0.0316155 	 3.17863 	 3.95181 
119700	 0.0463762 	 3.59722 	 4.22379 
119800	 0.0211823 	 3.46886 	 4.09937 
119900	 0.0486321 	 4.10086 	 4.84647 
120000	 0.02435 	 3.91756 	 4.62729 
120100	 0.0347246 	 3.9767 	 4.01694 
120200	 0.0268748 	 3.16282 	 3.6112 
120300	 0.0310526 	 3.71428 	 4.10919 
120400	 0.0244449 	 3.19514 	 3.84593 
120500	 0.0374569 	 3.76095 	 4.62253 
120600	 0.0427242 	 3.07129 	 3.09336 
120700	 0.0334988 	 3.86424 	 4.29878 
120800	 0.0339454 	 3.52602 	 3.37567 
120900	 0.0327724 	 3.39193 	 4.01278 
121000	 0.0173193 	 3.58255 	 3.56767 
121100	 0.0293863 	 3.76634 	 4.32628 
121200	 0.0740654 	 3.56571 	 3.67285 
121300	 0.0312249 	 4.03309 	 4.73123 
121400	 0.0406207 	 3.78031 	 4.23176 
121500	 0.0260243 	 3.8096 	 5.22404 
121600	 0.0206291 	 3.37107 	 3.69489 
121700	 0.0306934 	 3.95594 	 4.20943 
121800	 0.0265376 	 3.7525 	 4.20714 
121900	 0.0209632 	 3.21124 	 3.9066 
122000	 0.0212828 	 3.16043 	 3.30195 
122100	 0.0283818 	 3.17594 	 3.60557 
122200	 0.0202403 	 3.27546 	 3.45394 
122300	 0.0193942 	 3.64364 	 4.23648 
122400	 0.0439162 	 4.73043 	 5.27121 
122500	 0.0287193 	 2.76292 	 3.24717 
122600	 0.0274471 	 3.72893 	 4.30772 
122700	 0.034596 	 3.11558 	 3.4965 
122800	 0.0248769 	 4.32405 	 4.41247 
122900	 0.0258602 	 3.78401 	 4.04481 
123000	 0.0426593 	 3.53391 	 3.92562 
123100	 0.027719 	 3.42282 	 3.74386 
123200	 0.03708 	 3.62512 	 4.34196 
123300	 0.0385701 	 3.64462 	 4.54969 
123400	 0.0228533 	 3.50872 	 4.05126 
123500	 0.0354224 	 3.9886 	 4.87768 
123600	 0.0316207 	 3.45758 	 3.90405 
123700	 0.0392359 	 3.82235 	 4.13479 
123800	 0.0563901 	 3.54896 	 3.37665 
123900	 0.0213406 	 3.27425 	 3.98413 
124000	 0.0427154 	 4.28172 	 4.90222 
124100	 0.0232798 	 3.19263 	 3.51378 
124200	 0.0177479 	 4.24366 	 4.54269 
124300	 0.0242668 	 3.33734 	 3.67796 
124400	 0.0356662 	 4.09528 	 5.0631 
124500	 0.0304275 	 3.35269 	 3.36064 
124600	 0.030955 	 3.57487 	 4.16666 
124700	 0.0356897 	 3.86234 	 4.38553 
124800	 0.0203028 	 3.38841 	 4.10233 
124900	 0.0402721 	 3.70962 	 4.01559 
125000	 0.0286679 	 3.52651 	 3.70732 
125100	 0.0446082 	 3.41609 	 4.05508 
125200	 0.0370586 	 3.28212 	 4.01528 
125300	 0.026212 	 3.09967 	 3.46815 
125400	 0.0396749 	 3.59856 	 3.96826 
125500	 0.0345153 	 3.13576 	 3.49096 
125600	 0.0412842 	 4.21018 	 5.06429 
125700	 0.0394854 	 3.72249 	 4.32581 
125800	 0.0351853 	 3.65433 	 3.98735 
125900	 0.0298558 	 3.27912 	 3.22346 
126000	 0.0307947 	 3.49424 	 3.67647 
126100	 0.0284616 	 3.52052 	 4.21969 
126200	 0.038117 	 2.90591 	 3.22103 
126300	 0.037043 	 3.46029 	 4.01022 
126400	 0.0335811 	 3.85753 	 4.15109 
126500	 0.0318449 	 3.17095 	 3.41564 
126600	 0.0262821 	 3.015 	 3.32968 
126700	 0.025145 	 3.69891 	 3.90626 
126800	 0.0364949 	 3.19425 	 3.64595 
126900	 0.0279176 	 3.76658 	 4.05749 
127000	 0.0326035 	 3.9179 	 4.89729 
127100	 0.0510689 	 4.09167 	 4.98419 
127200	 0.0311228 	 3.0203 	 3.4652 
127300	 0.0656114 	 3.93603 	 4.47333 
127400	 0.036185 	 4.11017 	 4.72912 
127500	 0.0264988 	 3.89408 	 4.44422 
127600	 0.030713 	 3.86915 	 4.17902 
127700	 0.0407804 	 3.83789 	 3.77325 
127800	 0.0225462 	 2.95386 	 2.82564 
127900	 0.0530274 	 4.38893 	 4.79068 
128000	 0.0352604 	 3.53254 	 3.82667 
128100	 0.0309479 	 4.27459 	 5.18474 
128200	 0.0312299 	 3.04437 	 3.59317 
128300	 0.0432911 	 3.10985 	 3.11484 
128400	 0.0305227 	 3.23897 	 3.47127 
128500	 0.0329574 	 3.77513 	 4.03395 
128600	 0.0380341 	 3.27943 	 3.45493 
128700	 0.0261588 	 3.85893 	 4.53644 
128800	 0.0230766 	 4.12312 	 4.87136 
128900	 0.0356498 	 3.65003 	 4.36902 
129000	 0.0307632 	 3.48265 	 3.88277 
129100	 0.0335443 	 3.71826 	 3.76427 
129200	 0.0343175 	 3.60677 	 4.18117 
129300	 0.0338813 	 3.53639 	 4.18358 
129400	 0.0295093 	 3.32232 	 3.8125 
129500	 0.0410378 	 3.36128 	 3.84761 
129600	 0.0205216 	 3.72029 	 3.85804 
129700	 0.031825 	 3.34857 	 3.66416 
129800	 0.0216126 	 3.61686 	 3.65986 
129900	 0.0293359 	 3.51247 	 3.83651 
130000	 0.0226731 	 3.65301 	 4.60604 
130100	 0.0576382 	 3.83742 	 4.09486 
130200	 0.0275273 	 3.95342 	 4.12266 
130300	 0.0249524 	 3.75743 	 3.98237 
130400	 0.0335614 	 3.51106 	 3.63755 
130500	 0.0296902 	 2.89543 	 2.89673 
130600	 0.0323277 	 3.64162 	 4.28988 
130700	 0.0259659 	 3.51881 	 3.49935 
130800	 0.0403905 	 3.08701 	 3.62165 
130900	 0.0301604 	 4.80993 	 4.66275 
131000	 0.0415099 	 3.61954 	 3.47539 
131100	 0.0252382 	 4.00099 	 4.29633 
131200	 0.0333533 	 3.20566 	 3.66805 
131300	 0.0440813 	 3.52442 	 4.57632 
131400	 0.0437198 	 3.20738 	 3.57564 
131500	 0.029082 	 3.5131 	 4.42977 
131600	 0.0326289 	 4.02996 	 4.36165 
131700	 0.0242781 	 4.02995 	 5.42251 
131800	 0.0300887 	 2.95061 	 3.15724 
131900	 0.0291274 	 2.8788 	 2.86423 
132000	 0.0411957 	 3.202 	 3.87773 
132100	 0.0379481 	 3.10728 	 3.51037 
132200	 0.0352548 	 4.34032 	 5.40035 
132300	 0.0337961 	 3.79943 	 4.50994 
132400	 0.0302527 	 3.45798 	 3.92371 
132500	 0.0234218 	 3.18721 	 3.29935 
132600	 0.0335517 	 3.89597 	 4.55333 
132700	 0.038923 	 2.77011 	 3.20796 
132800	 0.0207251 	 3.12466 	 3.11459 
132900	 0.035193 	 3.45346 	 3.78794 
133000	 0.0398101 	 3.09607 	 3.5262 
133100	 0.018305 	 3.50835 	 3.40307 
133200	 0.0411374 	 3.83909 	 4.15674 
133300	 0.0319127 	 3.74116 	 3.75276 
133400	 0.0330958 	 3.46699 	 3.95304 
133500	 0.0362565 	 2.97653 	 3.3428 
133600	 0.0282019 	 3.33311 	 4.03003 
133700	 0.0232829 	 2.84652 	 3.28236 
133800	 0.0372954 	 3.94145 	 4.44569 
133900	 0.0418182 	 3.73579 	 4.1036 
134000	 0.0253948 	 3.27488 	 3.6476 
134100	 0.0331531 	 3.28201 	 3.64534 
134200	 0.0222916 	 3.21214 	 3.58314 
134300	 0.0319494 	 3.59419 	 4.29814 
134400	 0.0318715 	 3.14204 	 3.40007 
134500	 0.0317108 	 3.2701 	 3.74111 
134600	 0.0421179 	 3.40929 	 3.58193 
134700	 0.0331311 	 3.63392 	 4.51657 
134800	 0.019206 	 3.28517 	 3.40519 
134900	 0.0357257 	 2.91936 	 3.2929 
135000	 0.0199346 	 3.9008 	 3.79343 
135100	 0.0378549 	 3.96956 	 4.77379 
135200	 0.0244132 	 3.43003 	 4.08217 
135300	 0.0497591 	 3.90245 	 4.64731 
135400	 0.0329652 	 4.00573 	 3.73146 
135500	 0.0281587 	 3.16639 	 3.43095 
135600	 0.0177778 	 3.23934 	 3.51139 
135700	 0.0303138 	 2.90773 	 2.86339 
135800	 0.0255777 	 3.53873 	 3.9975 
135900	 0.0465723 	 3.18008 	 3.5573 
136000	 0.0277124 	 3.90197 	 4.43182 
136100	 0.0292694 	 3.87579 	 4.52519 
136200	 0.0217986 	 3.4279 	 3.8041 
136300	 0.0411869 	 3.33276 	 3.56016 
136400	 0.0331731 	 3.07918 	 3.69552 
136500	 0.0420948 	 3.10187 	 3.25318 
136600	 0.0318904 	 3.80556 	 4.16922 
136700	 0.0305298 	 3.90327 	 4.20203 
136800	 0.0370974 	 3.84481 	 4.57875 
136900	 0.0249656 	 3.84521 	 4.87189 
137000	 0.0302159 	 2.93014 	 2.8781 
137100	 0.0352893 	 3.63207 	 4.06939 
137200	 0.0211622 	 3.19797 	 3.32942 
137300	 0.0313657 	 3.27138 	 3.03113 
137400	 0.0397462 	 3.48094 	 3.71348 
137500	 0.042686 	 3.35939 	 3.70443 
137600	 0.0312718 	 3.11631 	 3.45497 
137700	 0.0450705 	 2.63025 	 2.99794 
137800	 0.0284302 	 2.94018 	 3.40527 
137900	 0.0371194 	 3.31027 	 4.21988 
138000	 0.0357187 	 3.14468 	 3.7321 
138100	 0.0395117 	 3.4425 	 4.11889 
138200	 0.0155892 	 3.09192 	 3.40853 
138300	 0.0357386 	 3.59624 	 3.9521 
138400	 0.0271756 	 3.02144 	 3.47835 
138500	 0.0341918 	 3.50753 	 4.12929 
138600	 0.0243521 	 3.53083 	 3.85558 
138700	 0.02629 	 3.78756 	 4.32787 
138800	 0.027622 	 2.67916 	 2.71755 
138900	 0.0296865 	 3.86891 	 5.05747 
139000	 0.0229717 	 2.89377 	 3.01972 
139100	 0.0209219 	 3.51256 	 3.95533 
139200	 0.0378869 	 3.02675 	 3.61916 
139300	 0.0309999 	 2.96026 	 3.12817 
139400	 0.0161689 	 3.19437 	 3.7795 
139500	 0.0200917 	 3.00885 	 3.41464 
139600	 0.0306274 	 4.21899 	 5.24731 
139700	 0.0255006 	 3.41874 	 3.92705 
139800	 0.0161236 	 3.74885 	 4.1812 
139900	 0.025726 	 3.57849 	 4.09819 
140000	 0.0277353 	 3.61632 	 3.58921 
140100	 0.0262051 	 3.40145 	 3.92606 
140200	 0.0301086 	 2.84274 	 2.90124 
140300	 0.0473267 	 3.53079 	 3.82972 
140400	 0.0587991 	 3.36574 	 3.58394 
140500	 0.0387925 	 4.16552 	 4.75099 
140600	 0.0478742 	 3.0133 	 3.25065 
140700	 0.0213658 	 4.03894 	 4.87887 
140800	 0.0310515 	 3.6588 	 4.6426 
140900	 0.0252057 	 3.35012 	 3.62053 
141000	 0.0334165 	 3.19256 	 3.63537 
141100	 0.029396 	 3.31556 	 3.51026 
141200	 0.0240523 	 3.34273 	 3.53425 
141300	 0.0361849 	 3.23988 	 3.82602 
141400	 0.0210957 	 3.84911 	 4.24758 
141500	 0.018301 	 3.52797 	 4.36886 
141600	 0.0343263 	 2.88911 	 3.0394 
141700	 0.0506427 	 3.74486 	 4.36956 
141800	 0.022786 	 3.56268 	 3.95455 
141900	 0.0325779 	 4.35947 	 4.74391 
142000	 0.037921 	 3.75242 	 4.10902 
142100	 0.0321472 	 3.50914 	 3.98241 
142200	 0.0241722 	 3.92274 	 4.68844 
142300	 0.0453107 	 3.56259 	 3.97433 
142400	 0.0425482 	 3.71436 	 4.29671 
142500	 0.0330083 	 3.33607 	 4.13529 
142600	 0.0256912 	 4.09459 	 4.76413 
142700	 0.0423698 	 3.66075 	 4.05561 
142800	 0.0425492 	 3.07233 	 3.56605 
142900	 0.0253031 	 2.98105 	 3.24431 
143000	 0.0199145 	 3.53649 	 4.37502 
143100	 0.0370021 	 3.60562 	 4.28943 
143200	 0.0425451 	 3.19308 	 3.15495 
143300	 0.0294306 	 3.6974 	 4.22437 
143400	 0.0306748 	 3.17728 	 3.72818 
143500	 0.0327468 	 3.4884 	 3.61293 
143600	 0.0224676 	 3.83539 	 3.90911 
143700	 0.0381728 	 3.49963 	 4.10961 
143800	 0.0344608 	 3.67967 	 3.67409 
143900	 0.0326585 	 3.59069 	 4.18285 
144000	 0.0317085 	 3.58504 	 4.02773 
144100	 0.0289786 	 3.62946 	 4.12465 
144200	 0.0272523 	 3.14856 	 3.21634 
144300	 0.0376408 	 3.10279 	 3.44674 
144400	 0.0271273 	 3.4187 	 3.43427 
144500	 0.0304844 	 4.07841 	 4.55474 
144600	 0.0430212 	 2.76905 	 3.03456 
144700	 0.0272962 	 3.89052 	 4.98592 
144800	 0.0417051 	 3.71634 	 4.07692 
144900	 0.0467568 	 3.99333 	 4.1286 
145000	 0.0153013 	 3.7425 	 4.06339 
145100	 0.0381072 	 3.73647 	 4.70077 
145200	 0.0345221 	 2.92009 	 3.33251 
145300	 0.05141 	 3.60421 	 4.14173 
145400	 0.0352276 	 3.8104 	 4.61465 
145500	 0.02178 	 3.09708 	 3.61018 
145600	 0.0390262 	 3.71697 	 3.97328 
145700	 0.0511303 	 3.0752 	 3.55949 
145800	 0.0441469 	 3.66635 	 4.10825 
145900	 0.0466793 	 2.86516 	 2.93629 
146000	 0.0197936 	 3.20241 	 3.4464 
146100	 0.0398059 	 3.08988 	 3.5717 
146200	 0.0295747 	 3.49578 	 3.68579 
146300	 0.0227273 	 3.18928 	 3.38207 
146400	 0.0356989 	 3.37334 	 4.12181 
146500	 0.043356 	 3.94051 	 4.51896 
146600	 0.0288235 	 3.61506 	 4.1606 
146700	 0.0379842 	 3.73398 	 4.14497 
146800	 0.0216365 	 3.05092 	 3.76738 
146900	 0.0241261 	 3.8022 	 3.71203 
147000	 0.0330346 	 3.55553 	 4.06056 
147100	 0.0310392 	 3.65105 	 3.86126 
147200	 0.0384059 	 4.51744 	 4.98236 
147300	 0.0270146 	 3.8507 	 3.76475 
147400	 0.0484695 	 3.57586 	 4.18593 
147500	 0.0292437 	 3.52051 	 3.89207 
147600	 0.0351299 	 3.53155 	 4.0203 
147700	 0.041533 	 3.27717 	 3.94068 
147800	 0.0366146 	 3.20772 	 3.71135 
147900	 0.0271742 	 3.08715 	 3.51333 
148000	 0.018665 	 3.22598 	 3.94372 
148100	 0.0281529 	 3.73396 	 4.00668 
148200	 0.0329779 	 3.35879 	 3.86124 
148300	 0.0229108 	 3.75799 	 4.13859 
148400	 0.0310085 	 3.01197 	 3.39082 
148500	 0.0447586 	 3.32333 	 3.65866 
148600	 0.042909 	 4.65274 	 4.72806 
148700	 0.0247914 	 2.86556 	 2.92045 
148800	 0.0518137 	 3.30103 	 4.08391 
148900	 0.0289583 	 2.89731 	 2.60177 
149000	 0.0199544 	 3.67654 	 4.5156 
149100	 0.0239445 	 3.44154 	 4.14985 
149200	 0.0576701 	 3.64415 	 4.00124 
149300	 0.0300662 	 3.02529 	 3.51296 
149400	 0.0190262 	 3.69688 	 4.1889 
149500	 0.0371914 	 3.37414 	 3.56475 
149600	 0.035127 	 3.39071 	 3.63995 
149700	 0.0233526 	 2.89013 	 3.4561 
149800	 0.0254163 	 2.95472 	 3.2825 
149900	 0.0454926 	 3.6687 	 4.46865 
150000	 0.0358846 	 3.54923 	 4.35271 
150100	 0.0252178 	 3.39196 	 3.9417 
150200	 0.0198696 	 3.23848 	 3.06573 
150300	 0.0273461 	 3.3607 	 3.52399 
150400	 0.0314415 	 3.40779 	 4.28993 
150500	 0.0319621 	 3.3196 	 3.57076 
150600	 0.024833 	 2.98481 	 3.14176 
150700	 0.028979 	 2.95639 	 3.61043 
150800	 0.0348779 	 3.01039 	 3.30341 
150900	 0.0328233 	 3.37215 	 3.8108 
151000	 0.0264254 	 3.83765 	 4.31296 
151100	 0.0350498 	 3.22851 	 3.33401 
151200	 0.0354752 	 2.83263 	 2.80929 
151300	 0.0276005 	 3.37735 	 3.88789 
151400	 0.0266178 	 3.22192 	 4.04073 
151500	 0.02456 	 3.04895 	 3.37286 
151600	 0.0388025 	 3.79954 	 3.95881 
151700	 0.0272704 	 3.70042 	 4.73583 
151800	 0.0297082 	 2.87396 	 3.0915 
151900	 0.0177116 	 4.45776 	 5.03432 
152000	 0.0262101 	 3.41773 	 3.99393 
152100	 0.0311614 	 3.05517 	 3.35831 
152200	 0.0401847 	 3.49549 	 3.78893 
152300	 0.0282514 	 3.05904 	 3.56416 
152400	 0.0328905 	 2.66679 	 2.8098 
152500	 0.0229767 	 3.2173 	 3.58215 
152600	 0.0260483 	 3.4291 	 3.78414 
152700	 0.0247707 	 3.11736 	 3.62847 
152800	 0.0343059 	 3.46337 	 3.47438 
152900	 0.0323253 	 3.32043 	 3.49457 
153000	 0.040512 	 3.60217 	 3.84353 
153100	 0.0214374 	 3.83061 	 4.3723 
153200	 0.0449296 	 3.36375 	 4.19715 
153300	 0.0339305 	 3.42743 	 3.70021 
153400	 0.0350115 	 4.06654 	 4.54552 
153500	 0.0379558 	 3.63442 	 4.24004 
153600	 0.0303556 	 3.95447 	 4.60753 
153700	 0.0376426 	 4.04241 	 3.97143 
153800	 0.0289449 	 3.429 	 3.65429 
153900	 0.0304931 	 3.45653 	 3.65965 
154000	 0.0304598 	 3.33218 	 3.52449 
154100	 0.020229 	 3.23062 	 3.71857 
154200	 0.0252967 	 3.28598 	 3.46406 
154300	 0.027152 	 3.51559 	 3.50828 
154400	 0.0253245 	 2.9688 	 3.20204 
154500	 0.0643436 	 3.79851 	 3.94112 
154600	 0.0323272 	 3.16986 	 3.19074 
154700	 0.0400829 	 3.34921 	 4.11664 
154800	 0.0342869 	 3.47343 	 3.90076 
154900	 0.0453816 	 3.06659 	 3.59374 
155000	 0.0278085 	 3.38688 	 3.82214 
155100	 0.0319082 	 3.15844 	 3.67141 
155200	 0.023463 	 3.60259 	 4.3677 
155300	 0.0232337 	 3.72912 	 4.45896 
155400	 0.040288 	 3.35841 	 3.70332 
155500	 0.0379701 	 4.23691 	 4.28388 
155600	 0.0333426 	 3.06724 	 3.23751 
155700	 0.0337964 	 2.78491 	 3.10245 
155800	 0.0330476 	 3.38911 	 3.88735 
155900	 0.0237197 	 2.82067 	 3.31833 
156000	 0.0313376 	 3.25161 	 3.90425 
156100	 0.0283569 	 3.27443 	 3.53778 
156200	 0.0226557 	 2.91099 	 3.26684 
156300	 0.0258739 	 3.76638 	 3.75182 
156400	 0.0320118 	 3.51144 	 4.08664 
156500	 0.0399764 	 3.33393 	 3.54728 
156600	 0.0422469 	 3.08417 	 3.63228 
156700	 0.0310217 	 3.86763 	 5.3285 
156800	 0.0177329 	 3.27786 	 3.95197 
156900	 0.0240613 	 3.50371 	 3.93547 
157000	 0.031595 	 3.31915 	 4.09889 
157100	 0.0251939 	 3.44257 	 3.75403 
157200	 0.0276635 	 3.22586 	 3.90378 
157300	 0.0234059 	 3.25562 	 3.71495 
157400	 0.0388144 	 3.15659 	 3.83999 
157500	 0.0273467 	 3.61686 	 3.95756 
157600	 0.0205018 	 3.25051 	 3.43649 
157700	 0.0304036 	 3.15867 	 3.38298 
157800	 0.0211198 	 2.96131 	 3.29502 
157900	 0.026521 	 3.20276 	 3.47388 
158000	 0.0368197 	 3.8905 	 3.94764 
158100	 0.0244486 	 3.139 	 3.16928 
158200	 0.0421002 	 3.58271 	 3.68064 
158300	 0.0487524 	 3.9552 	 4.16475 
158400	 0.0295692 	 3.57799 	 3.93689 
158500	 0.0310884 	 3.24092 	 3.45935 
158600	 0.0360282 	 2.85804 	 3.16634 
158700	 0.0318653 	 3.17051 	 3.26693 
158800	 0.0364461 	 3.33708 	 3.48746 
158900	 0.0197402 	 3.04215 	 3.34182 
159000	 0.0310982 	 3.54529 	 4.18609 
159100	 0.0252625 	 2.93456 	 3.12902 
159200	 0.0196595 	 3.27527 	 3.62995 
159300	 0.0260504 	 3.70639 	 4.66012 
159400	 0.0180794 	 2.82232 	 3.10147 
159500	 0.035225 	 3.67491 	 4.11519 
159600	 0.0287385 	 3.35391 	 3.95837 
159700	 0.0384036 	 4.29654 	 4.77775 
159800	 0.024236 	 3.60711 	 4.23252 
159900	 0.0335748 	 3.59933 	 4.20471 
160000	 0.0618601 	 2.80072 	 3.00348 
160100	 0.0294266 	 3.56414 	 3.98242 
160200	 0.0404694 	 3.20586 	 3.19504 
160300	 0.0236381 	 4.30071 	 5.24755 
160400	 0.0220783 	 3.27534 	 3.7278 
160500	 0.0309034 	 3.31989 	 3.6732 
160600	 0.0191503 	 3.02001 	 3.55547 
160700	 0.0342781 	 3.6328 	 4.22525 
160800	 0.0478363 	 2.62352 	 3.0812 
160900	 0.0355351 	 3.4164 	 3.59262 
161000	 0.0426469 	 3.22439 	 3.39058 
161100	 0.0474892 	 3.08608 	 3.47608 
161200	 0.0208414 	 3.74873 	 4.21509 
161300	 0.0261744 	 2.89942 	 3.64608 
161400	 0.0305683 	 3.48466 	 3.43039 
161500	 0.027319 	 2.89158 	 3.19104 
161600	 0.0349827 	 3.48871 	 3.98531 
161700	 0.0228324 	 3.16314 	 3.6236 
161800	 0.0240045 	 3.52819 	 3.98869 
161900	 0.0212706 	 3.27625 	 3.30454 
162000	 0.028325 	 3.30601 	 3.71268 
162100	 0.0385962 	 2.61036 	 2.89907 
162200	 0.0211275 	 3.98144 	 4.56168 
162300	 0.037689 	 2.72526 	 2.92059 
162400	 0.0325718 	 2.96144 	 3.43843 
162500	 0.0187729 	 2.92267 	 3.01542 
162600	 0.0369458 	 3.30271 	 4.03907 
162700	 0.0323322 	 3.5917 	 3.96596 
162800	 0.0235108 	 3.65033 	 4.33111 
162900	 0.0236793 	 3.60905 	 4.37846 
163000	 0.0259042 	 3.0586 	 3.75549 
163100	 0.0233146 	 3.465 	 3.48725 
163200	 0.0223292 	 3.15196 	 3.66703 
163300	 0.0226992 	 3.78909 	 4.23389 
163400	 0.0373574 	 3.24997 	 3.70974 
163500	 0.0324812 	 2.3718 	 3.00222 
163600	 0.0427435 	 3.77846 	 4.39769 
163700	 0.0255847 	 2.92526 	 3.42096 
163800	 0.0301757 	 3.29023 	 3.59824 
163900	 0.0292673 	 4.0411 	 4.88126 
164000	 0.0286004 	 3.44585 	 3.80016 
164100	 0.0260757 	 3.49919 	 4.42848 
164200	 0.0296564 	 2.89959 	 3.085 
164300	 0.0312162 	 3.40408 	 3.70566 
164400	 0.0275666 	 3.41063 	 3.95191 
164500	 0.0328689 	 3.30487 	 3.87332 
164600	 0.0321831 	 3.45521 	 4.27025 
164700	 0.0230415 	 3.82315 	 3.67168 
164800	 0.0390308 	 3.75204 	 4.07244 
164900	 0.0418355 	 2.93818 	 3.17699 
165000	 0.0319671 	 3.69408 	 4.1393 
165100	 0.0337872 	 3.57467 	 3.54628 
165200	 0.0250579 	 3.93742 	 4.87719 
165300	 0.0295692 	 3.28043 	 3.50959 
165400	 0.0459692 	 3.41009 	 3.85533 
165500	 0.0389567 	 3.30494 	 3.57954 
165600	 0.0459733 	 3.20381 	 3.39532 
165700	 0.0197704 	 2.89476 	 2.91126 
165800	 0.028222 	 3.24581 	 3.75464 
165900	 0.0235224 	 3.81592 	 4.45916 
166000	 0.0198052 	 3.93501 	 4.39715 
166100	 0.024738 	 3.50035 	 3.99016 
166200	 0.0249688 	 4.03645 	 4.67621 
166300	 0.0238572 	 3.15392 	 3.60544 
166400	 0.0381354 	 3.23232 	 2.93148 
166500	 0.020936 	 3.34024 	 3.80665 
166600	 0.0250304 	 3.47919 	 4.44567 
166700	 0.0447032 	 3.5149 	 3.90903 
166800	 0.0359974 	 3.26638 	 3.45578 
166900	 0.0386072 	 3.80752 	 4.19626 
167000	 0.0176583 	 3.82701 	 4.21306 
167100	 0.0378081 	 3.06205 	 3.57611 
167200	 0.019087 	 2.79907 	 3.09147 
167300	 0.0343674 	 4.4958 	 5.27441 
167400	 0.0173832 	 3.2371 	 3.62981 
167500	 0.0219054 	 3.40895 	 3.95784 
167600	 0.0189153 	 3.56249 	 4.34819 
167700	 0.0319828 	 2.93616 	 3.38969 
167800	 0.0356794 	 3.20767 	 2.99841 
167900	 0.0270289 	 3.45168 	 4.37242 
168000	 0.0205433 	 2.87597 	 3.1972 
168100	 0.0348488 	 2.79882 	 3.07359 
168200	 0.0207126 	 3.52033 	 3.87089 
168300	 0.028316 	 2.89096 	 3.52831 
168400	 0.0243378 	 3.31396 	 4.02375 
168500	 0.0448518 	 2.57959 	 2.92732 
168600	 0.0283399 	 3.17371 	 3.52267 
168700	 0.0211573 	 3.98763 	 4.59996 
168800	 0.0301693 	 3.01088 	 3.63276 
168900	 0.0332526 	 3.59919 	 4.32857 
169000	 0.0227299 	 3.4175 	 3.21238 
169100	 0.0433957 	 3.65961 	 4.28821 
169200	 0.0220273 	 3.44313 	 4.21478 
169300	 0.0287336 	 2.85934 	 2.87039 
169400	 0.0336354 	 3.93132 	 4.48448 
169500	 0.0298531 	 3.33652 	 3.21728 
169600	 0.0377933 	 3.81335 	 4.34123 
169700	 0.0435311 	 3.78785 	 4.25526 
169800	 0.0354658 	 3.58014 	 4.12108 
169900	 0.0416843 	 3.20765 	 3.23343 
170000	 0.0418076 	 3.30955 	 4.20727 
170100	 0.0259235 	 3.1801 	 3.5834 
170200	 0.0378646 	 3.35712 	 3.85211 
170300	 0.0509348 	 3.06104 	 3.43451 
170400	 0.0327066 	 3.40672 	 4.19177 
170500	 0.0270515 	 3.84053 	 4.66304 
170600	 0.0287406 	 4.35581 	 4.85339 
170700	 0.0272343 	 3.34805 	 3.17305 
170800	 0.0227988 	 3.67615 	 4.61898 
170900	 0.0308809 	 3.38099 	 3.91534 
171000	 0.036782 	 3.33336 	 3.63461 
171100	 0.0341356 	 3.28169 	 3.79816 
171200	 0.0321993 	 3.51919 	 3.6787 
171300	 0.0374231 	 3.31563 	 3.98036 
171400	 0.0365485 	 3.36327 	 3.92557 
171500	 0.0217601 	 3.24148 	 3.6626 
171600	 0.0179588 	 3.55405 	 4.23626 
171700	 0.0301268 	 3.72092 	 4.04529 
171800	 0.0189096 	 3.21359 	 3.76649 
171900	 0.0380026 	 3.06176 	 3.33922 
172000	 0.0324822 	 3.0691 	 3.21405 
172100	 0.025132 	 3.80017 	 4.76296 
172200	 0.0241223 	 3.9227 	 4.67386 
172300	 0.0234187 	 3.71513 	 4.10071 
172400	 0.0178553 	 3.18719 	 3.35685 
172500	 0.0275472 	 3.28805 	 3.49024 
172600	 0.0300562 	 3.08266 	 3.59178 
172700	 0.0367343 	 3.21278 	 3.45231 
172800	 0.020873 	 3.22971 	 3.23189 
172900	 0.0272832 	 3.05544 	 3.25827 
173000	 0.0338604 	 2.93698 	 2.75604 
173100	 0.0286873 	 3.63712 	 4.02206 
173200	 0.0273261 	 3.90679 	 4.29811 
173300	 0.0235238 	 3.41129 	 4.30764 
173400	 0.0233835 	 3.54949 	 4.41123 
173500	 0.0260457 	 3.74526 	 4.89458 
173600	 0.0198241 	 3.41181 	 3.84225 
173700	 0.0353514 	 4.04855 	 4.52213 
173800	 0.0228439 	 3.97538 	 4.00448 
173900	 0.0183013 	 3.72552 	 3.80789 
174000	 0.0329312 	 3.19019 	 3.41531 
174100	 0.0244484 	 3.28665 	 3.55206 
174200	 0.0271609 	 3.43149 	 3.91813 
174300	 0.0307779 	 3.12478 	 3.47719 
174400	 0.0495834 	 2.92144 	 3.01916 
174500	 0.0201757 	 3.88298 	 4.04109 
174600	 0.0361856 	 3.35936 	 3.83306 
174700	 0.0271188 	 3.6583 	 4.32212 
174800	 0.0189172 	 3.26537 	 3.55037 
174900	 0.0377686 	 3.76211 	 4.3772 
175000	 0.0271244 	 3.14449 	 3.35744 
175100	 0.0297443 	 3.12161 	 3.44337 
175200	 0.031661 	 3.51942 	 4.04143 
175300	 0.0316744 	 2.92629 	 3.04046 
175400	 0.0278401 	 3.07987 	 3.04619 
175500	 0.0166267 	 2.73434 	 3.16168 
175600	 0.0446574 	 3.48477 	 3.70791 
175700	 0.0256811 	 2.72379 	 2.81927 
175800	 0.04026 	 3.21802 	 3.89114 
175900	 0.0233861 	 3.80856 	 4.43393 
176000	 0.0329341 	 3.2711 	 3.69669 
176100	 0.0237967 	 3.55252 	 3.87589 
176200	 0.0418169 	 2.55844 	 2.97015 
176300	 0.0300404 	 3.15095 	 3.42078 
176400	 0.0272377 	 3.17854 	 3.40431 
176500	 0.02529 	 2.938 	 2.89095 
176600	 0.0334647 	 4.01857 	 4.40172 
176700	 0.0229901 	 3.93917 	 4.63851 
176800	 0.0364089 	 3.91002 	 4.77331 
176900	 0.0327752 	 3.09569 	 3.21711 
177000	 0.0252445 	 3.54155 	 3.55052 
177100	 0.0239484 	 3.19596 	 3.33298 
177200	 0.029857 	 3.38922 	 3.80434 
177300	 0.0230344 	 3.538 	 4.14309 
177400	 0.0232417 	 3.15864 	 3.30152 
177500	 0.0203701 	 3.01133 	 3.75184 
177600	 0.0203618 	 3.51027 	 4.40384 
177700	 0.0321188 	 3.73756 	 4.23803 
177800	 0.0233859 	 2.99461 	 3.94656 
177900	 0.0324084 	 3.45323 	 4.02171 
178000	 0.0184209 	 2.90362 	 3.30244 
178100	 0.0386903 	 2.83542 	 3.20776 
178200	 0.0345174 	 3.19325 	 3.38369 
178300	 0.02622 	 3.65248 	 4.04704 
178400	 0.0304897 	 3.69492 	 4.62854 
178500	 0.0421212 	 3.63249 	 3.73644 
178600	 0.0234943 	 3.49674 	 4.53791 
178700	 0.0337288 	 3.027 	 3.11741 
178800	 0.0196542 	 2.90808 	 3.27462 
178900	 0.0300449 	 3.59097 	 3.87378 
179000	 0.0435058 	 3.67268 	 4.2121 
179100	 0.0324873 	 3.22336 	 3.18285 
179200	 0.0311247 	 3.07196 	 3.3699 
179300	 0.034871 	 3.46522 	 3.97238 
179400	 0.0303364 	 3.52451 	 3.65141 
179500	 0.0287395 	 2.8894 	 3.16113 
179600	 0.0247669 	 3.39849 	 3.58182 
179700	 0.0287227 	 3.85125 	 5.15998 
179800	 0.0202359 	 3.28681 	 3.81589 
179900	 0.0309599 	 3.84888 	 4.46619 
180000	 0.0258982 	 3.36839 	 3.7974 
180100	 0.0338748 	 3.58242 	 4.57743 
180200	 0.0400072 	 3.64231 	 3.53947 
180300	 0.0461708 	 3.60091 	 4.23183 
180400	 0.025838 	 3.06839 	 3.55868 
180500	 0.0392649 	 3.4107 	 4.0536 
180600	 0.0336894 	 3.45609 	 4.12164 
180700	 0.0348386 	 4.17396 	 4.58916 
180800	 0.0290596 	 3.59942 	 3.86893 
180900	 0.0204965 	 3.48123 	 4.20104 
181000	 0.0346365 	 3.11662 	 3.24553 
181100	 0.0242981 	 3.76148 	 4.16099 
181200	 0.0240879 	 3.1713 	 3.61506 
181300	 0.034827 	 3.84142 	 5.01526 
181400	 0.0254421 	 3.02724 	 2.9613 
181500	 0.0569386 	 3.43307 	 3.99864 
181600	 0.0359805 	 3.60705 	 4.09442 
181700	 0.0270399 	 3.01239 	 3.29883 
181800	 0.0226106 	 3.12775 	 3.02978 
181900	 0.0359996 	 3.93995 	 3.86691 
182000	 0.0165356 	 2.48862 	 2.85767 
182100	 0.0255277 	 3.26611 	 3.766 
182200	 0.0320423 	 3.22821 	 3.25427 
182300	 0.0418585 	 3.27183 	 3.5567 
182400	 0.0383659 	 3.61231 	 4.36178 
182500	 0.0391353 	 3.89663 	 4.79541 
182600	 0.04255 	 3.317 	 3.56528 
182700	 0.0212448 	 3.35665 	 3.93934 
182800	 0.0304801 	 3.18994 	 3.51333 
182900	 0.035722 	 3.68598 	 4.3152 
183000	 0.046978 	 3.9445 	 4.29261 
183100	 0.0368955 	 2.81709 	 3.00173 
183200	 0.0345777 	 2.7759 	 2.72178 
183300	 0.0337528 	 4.3918 	 4.92327 
183400	 0.0253778 	 3.19082 	 3.64852 
183500	 0.0392404 	 3.40852 	 3.78986 
183600	 0.0216126 	 3.55334 	 3.8578 
183700	 0.0245706 	 3.45397 	 4.20293 
183800	 0.0228332 	 3.25049 	 3.2118 
183900	 0.0352979 	 3.67523 	 4.3791 
184000	 0.0255361 	 3.58915 	 3.78286 
184100	 0.0306548 	 3.21802 	 3.14412 
184200	 0.0253724 	 3.98556 	 4.56549 
184300	 0.0235122 	 3.79756 	 4.55031 
184400	 0.0255112 	 2.97272 	 3.29959 
184500	 0.0235013 	 3.21351 	 3.99648 
184600	 0.0345651 	 3.6423 	 4.48155 
184700	 0.0254875 	 3.56015 	 4.17304 
184800	 0.0306187 	 2.72822 	 2.93524 
184900	 0.0187753 	 2.64911 	 2.88488 
185000	 0.0248066 	 3.131 	 3.80452 
185100	 0.0262879 	 3.3819 	 3.39622 
185200	 0.0264056 	 2.70497 	 2.67255 
185300	 0.0271353 	 3.23472 	 3.53169 
185400	 0.0299336 	 2.66613 	 2.79153 
185500	 0.0404035 	 3.15675 	 3.27673 
185600	 0.0283305 	 3.06109 	 3.63702 
185700	 0.0302883 	 3.10473 	 2.93587 
185800	 0.0408693 	 3.26067 	 3.80815 
185900	 0.0270342 	 3.23182 	 3.57988 
186000	 0.0303404 	 3.22628 	 3.54902 
186100	 0.0206267 	 3.21957 	 3.43923 
186200	 0.0320584 	 3.72352 	 4.52992 
186300	 0.0199956 	 3.08458 	 3.63954 
186400	 0.0286793 	 3.17187 	 3.52707 
186500	 0.023623 	 3.08116 	 2.88341 
186600	 0.036867 	 3.6374 	 3.76972 
186700	 0.0166133 	 3.38903 	 3.5105 
186800	 0.0282562 	 2.74326 	 3.26189 
186900	 0.0314457 	 3.49852 	 4.20894 
187000	 0.0188882 	 3.35595 	 3.88127 
187100	 0.0215517 	 3.76857 	 4.56752 
187200	 0.0268136 	 3.03602 	 3.20452 
187300	 0.0267725 	 3.12286 	 3.74203 
187400	 0.0378005 	 3.66992 	 4.53909 
187500	 0.0273177 	 3.2422 	 3.47482 
187600	 0.0320144 	 4.08883 	 4.33387 
187700	 0.0140369 	 2.76244 	 3.20797 
187800	 0.028103 	 3.3466 	 3.68204 
187900	 0.0302879 	 3.1801 	 3.63021 
188000	 0.0292142 	 3.81106 	 4.21932 
188100	 0.0244173 	 3.09507 	 3.46674 
188200	 0.0183964 	 3.54712 	 3.8473 
188300	 0.027018 	 3.07614 	 3.79274 
188400	 0.0159145 	 3.09187 	 3.51711 
188500	 0.0255423 	 2.75555 	 3.1087 
188600	 0.022589 	 3.1696 	 3.6424 
188700	 0.0193411 	 3.30941 	 3.71082 
188800	 0.01618 	 3.99403 	 4.97638 
188900	 0.0316372 	 3.58443 	 3.90117 
189000	 0.0341585 	 2.97706 	 2.80191 
189100	 0.0195109 	 3.14865 	 3.58442 
189200	 0.0293363 	 3.8771 	 4.327 
189300	 0.0370887 	 4.01664 	 4.38995 
189400	 0.0294449 	 3.41544 	 3.97511 
189500	 0.0224187 	 2.76031 	 3.0595 
189600	 0.0261882 	 3.59712 	 4.22196 
189700	 0.0170722 	 3.36183 	 4.03151 
189800	 0.0189661 	 3.51432 	 3.93374 
189900	 0.0357719 	 3.50227 	 3.69173 
190000	 0.0296035 	 2.92609 	 3.51193 
190100	 0.0258136 	 2.95058 	 3.35699 
190200	 0.033685 	 3.36377 	 3.1154 
190300	 0.0400962 	 3.23846 	 2.81438 
190400	 0.0307677 	 3.60278 	 3.8923 
190500	 0.0270918 	 3.95948 	 4.27824 
190600	 0.0220333 	 3.24995 	 3.43007 
190700	 0.0318819 	 3.17831 	 3.49784 
190800	 0.0272246 	 2.5915 	 3.06089 
190900	 0.0273912 	 3.40822 	 3.63688 
191000	 0.0290915 	 3.29647 	 3.5948 
191100	 0.0212873 	 3.31075 	 4.10018 
191200	 0.0244646 	 3.44788 	 4.141 
191300	 0.0368201 	 3.27405 	 3.37076 
191400	 0.0494982 	 3.12304 	 3.84928 
191500	 0.0424071 	 2.89277 	 3.36008 
191600	 0.0393507 	 3.32453 	 3.79473 
191700	 0.0282296 	 3.27636 	 3.88803 
191800	 0.0320805 	 3.74687 	 3.89881 
191900	 0.0309649 	 2.81806 	 3.19068 
192000	 0.0229938 	 3.34413 	 3.69989 
192100	 0.0165829 	 2.71976 	 3.16288 
192200	 0.0263634 	 3.3915 	 3.98501 
192300	 0.0224598 	 2.64923 	 3.19139 
192400	 0.0182555 	 3.43251 	 3.87553 
192500	 0.0236598 	 3.80694 	 4.16798 
192600	 0.0278124 	 3.68663 	 4.33315 
192700	 0.0287516 	 3.56726 	 4.18999 
192800	 0.0178562 	 2.82235 	 3.20987 
192900	 0.0201949 	 3.18457 	 3.5052 
193000	 0.0261378 	 3.44862 	 3.99963 
193100	 0.0303195 	 3.81924 	 5.03001 
193200	 0.0287064 	 3.10546 	 3.27505 
193300	 0.0247092 	 3.4443 	 3.80094 
193400	 0.0195431 	 3.6689 	 4.54324 
193500	 0.0416909 	 3.43038 	 4.28964 
193600	 0.034964 	 3.07866 	 3.11126 
193700	 0.0241463 	 3.1968 	 3.85794 
193800	 0.036107 	 3.01235 	 2.97476 
193900	 0.0263915 	 3.7084 	 3.51821 
194000	 0.0522801 	 3.64422 	 3.68639 
194100	 0.02801 	 3.58492 	 3.75842 
194200	 0.0254743 	 2.93169 	 3.58846 
194300	 0.0201128 	 4.00465 	 4.60357 
194400	 0.0308703 	 3.45243 	 4.52947 
194500	 0.0330781 	 3.3617 	 3.9965 
194600	 0.0264163 	 3.1749 	 3.62489 
194700	 0.0305263 	 2.9868 	 3.29919 
194800	 0.0411399 	 2.78391 	 3.29615 
194900	 0.0337595 	 3.60343 	 4.31648 
195000	 0.0368229 	 4.11297 	 5.1513 
195100	 0.0270679 	 3.42948 	 3.82067 
195200	 0.0265968 	 2.92291 	 3.33255 
195300	 0.0295373 	 3.01967 	 3.27508 
195400	 0.030312 	 3.06546 	 3.02506 
195500	 0.0281917 	 3.13534 	 3.31198 
195600	 0.0367622 	 3.8814 	 4.95738 
195700	 0.03718 	 3.28349 	 3.36576 
195800	 0.0323567 	 3.22517 	 3.29953 
195900	 0.0319414 	 3.63158 	 3.99496 
196000	 0.0341363 	 3.5744 	 4.61767 
196100	 0.0276831 	 2.98694 	 3.39005 
196200	 0.0256798 	 3.92926 	 4.43 
196300	 0.0228015 	 3.17814 	 3.65712 
196400	 0.0275046 	 3.5111 	 4.55918 
196500	 0.0322443 	 3.10474 	 3.64544 
196600	 0.0286525 	 3.56992 	 3.96417 
196700	 0.0314074 	 2.90463 	 3.07297 
196800	 0.0267277 	 3.67109 	 4.11483 
196900	 0.0296759 	 3.84165 	 3.5503 
197000	 0.037718 	 3.16733 	 3.67626 
197100	 0.0296359 	 2.78669 	 2.81689 
197200	 0.0440875 	 2.81992 	 2.8461 
197300	 0.0159315 	 3.08429 	 3.37358 
197400	 0.0347394 	 3.21983 	 3.32651 
197500	 0.018532 	 3.65516 	 4.08781 
197600	 0.0353238 	 2.72133 	 3.41772 
197700	 0.0282748 	 3.67317 	 5.25609 
197800	 0.0343698 	 3.47552 	 3.99079 
197900	 0.0241602 	 2.88394 	 2.78369 
198000	 0.0370259 	 4.2339 	 4.42517 
198100	 0.0195451 	 3.16939 	 3.79867 
198200	 0.0333619 	 3.62745 	 4.1816 
198300	 0.029525 	 3.08843 	 3.90367 
198400	 0.0343117 	 3.1229 	 3.31985 
198500	 0.0214534 	 3.30831 	 3.73884 
198600	 0.0200235 	 3.23328 	 3.91826 
198700	 0.029358 	 2.92176 	 3.45627 
198800	 0.0204482 	 2.8994 	 2.92477 
198900	 0.0325348 	 3.6273 	 4.02121 
199000	 0.0267622 	 3.4522 	 4.15572 
199100	 0.0449543 	 4.01693 	 4.34742 
199200	 0.0359657 	 3.36173 	 3.62617 
199300	 0.0363026 	 2.90114 	 3.46878 
199400	 0.0414729 	 3.64034 	 4.34935 
199500	 0.030866 	 2.95276 	 3.31076 
199600	 0.027194 	 2.87836 	 3.46385 
199700	 0.02596 	 2.88048 	 2.85918 
199800	 0.0219622 	 3.02134 	 2.96767 
199900	 0.0504013 	 3.67917 	 4.23636 
200000	 0.0341232 	 3.16213 	 3.13931 
200100	 0.0291992 	 2.93665 	 3.20879 
200200	 0.0336613 	 4.1143 	 5.05217 
200300	 0.0237971 	 3.52543 	 4.09134 
200400	 0.0157932 	 3.48663 	 3.86551 
200500	 0.0318661 	 3.46308 	 3.72366 
200600	 0.0305375 	 3.32392 	 4.13224 
200700	 0.0394481 	 3.90157 	 4.54292 
200800	 0.0597959 	 3.40908 	 3.89203 
200900	 0.0366632 	 3.53858 	 3.92181 
201000	 0.0314547 	 3.23321 	 3.17495 
201100	 0.0173416 	 3.8946 	 4.6054 
201200	 0.030422 	 2.96615 	 2.92683 
201300	 0.0180855 	 3.01693 	 3.48725 
201400	 0.0414947 	 3.26188 	 3.1862 
201500	 0.0263624 	 3.41105 	 3.52294 
201600	 0.0347385 	 3.43139 	 3.78182 
201700	 0.0234808 	 3.37781 	 3.9966 
201800	 0.0200836 	 3.8419 	 4.66973 
201900	 0.0315201 	 2.60875 	 2.94415 
202000	 0.0252251 	 2.81405 	 2.91688 
202100	 0.020011 	 3.1685 	 3.50179 
202200	 0.0283133 	 3.09012 	 3.3212 
202300	 0.0302345 	 3.80897 	 4.6786 
202400	 0.0515625 	 4.41455 	 4.68443 
202500	 0.0382369 	 2.85468 	 3.39146 
202600	 0.0326004 	 3.59587 	 3.50205 
202700	 0.0262056 	 3.60683 	 4.34204 
202800	 0.0203319 	 3.55982 	 3.65157 
202900	 0.0261209 	 3.78181 	 3.98633 
203000	 0.0333054 	 3.73997 	 4.25884 
203100	 0.024706 	 2.999 	 3.26783 
203200	 0.0189038 	 3.3063 	 3.65836 
203300	 0.0331273 	 3.42247 	 3.37415 
203400	 0.0394297 	 3.56715 	 3.64567 
203500	 0.0215545 	 3.23166 	 3.55976 
203600	 0.0219127 	 2.99621 	 3.14587 
203700	 0.0294337 	 3.13881 	 3.58063 
203800	 0.0239629 	 2.88837 	 3.46487 
203900	 0.0175488 	 2.95633 	 3.68564 
204000	 0.0154161 	 2.73664 	 3.14236 
204100	 0.0199395 	 3.3457 	 4.16655 
204200	 0.0195749 	 3.76731 	 4.25965 
204300	 0.025685 	 3.64244 	 4.10671 
204400	 0.0221202 	 3.21843 	 3.46279 
204500	 0.0163398 	 3.26252 	 3.11964 
204600	 0.0235927 	 3.32509 	 3.79698 
204700	 0.027816 	 3.35811 	 3.84313 
204800	 0.0210133 	 3.0844 	 3.23683 
204900	 0.0220366 	 3.54739 	 4.03304 
205000	 0.0358189 	 3.32301 	 3.63587 
205100	 0.020357 	 2.81348 	 2.73246 
205200	 0.0335607 	 2.73778 	 3.05013 
205300	 0.0316957 	 3.5197 	 4.1636 
205400	 0.0455283 	 3.43964 	 3.75985 
205500	 0.0344434 	 2.95498 	 3.34989 
205600	 0.0220382 	 3.2055 	 3.35882 
205700	 0.0312081 	 3.16068 	 3.43704 
205800	 0.0215977 	 3.30982 	 3.81726 
205900	 0.0284994 	 2.45983 	 2.77266 
206000	 0.0346149 	 3.74912 	 4.21228 
206100	 0.0192821 	 2.91358 	 3.19232 
206200	 0.0182153 	 3.46505 	 4.11728 
206300	 0.0335678 	 2.63986 	 2.81361 
206400	 0.0242504 	 3.6764 	 4.04852 
206500	 0.0268338 	 3.19992 	 3.51801 
206600	 0.0260431 	 2.94758 	 3.30828 
206700	 0.022838 	 3.33549 	 3.28433 
206800	 0.0289741 	 2.94981 	 3.31408 
206900	 0.0228875 	 3.18452 	 3.56731 
207000	 0.0259419 	 3.42873 	 4.23872 
207100	 0.0238393 	 3.3687 	 3.82834 
207200	 0.0250746 	 2.62757 	 2.82 
207300	 0.016488 	 2.58177 	 2.94489 
207400	 0.0342309 	 3.59549 	 4.22659 
207500	 0.0269537 	 3.10443 	 3.55001 
207600	 0.0183368 	 3.30058 	 3.91685 
207700	 0.0377915 	 2.78735 	 3.27743 
207800	 0.0272212 	 3.15616 	 3.71684 
207900	 0.0412273 	 3.47331 	 3.70236 
208000	 0.0240288 	 3.40956 	 3.92722 
208100	 0.0386027 	 2.69168 	 3.38373 
208200	 0.0205689 	 3.39564 	 3.99849 
208300	 0.0182024 	 3.37127 	 3.92712 
208400	 0.0279089 	 2.84307 	 3.07326 
208500	 0.0237572 	 2.9801 	 3.3287 
208600	 0.0190949 	 3.12215 	 3.59259 
208700	 0.034055 	 3.17427 	 4.11577 
208800	 0.0323545 	 3.68028 	 4.33241 
208900	 0.0290601 	 4.46993 	 4.6562 
209000	 0.0401986 	 3.39401 	 3.87651 
209100	 0.0291921 	 3.54283 	 4.09979 
209200	 0.0375255 	 3.71802 	 4.19781 
209300	 0.0258423 	 4.07562 	 4.70798 
209400	 0.0271412 	 3.64026 	 3.86701 
209500	 0.0316508 	 4.04344 	 5.13219 
209600	 0.0219956 	 3.0962 	 3.25487 
209700	 0.0256441 	 3.64999 	 4.46938 
209800	 0.032296 	 2.95749 	 3.59078 
209900	 0.0315294 	 2.81847 	 3.09528 
210000	 0.0411058 	 3.35858 	 3.69314 
210100	 0.0337156 	 3.19087 	 3.80339 
210200	 0.0233638 	 3.50793 	 3.63082 
210300	 0.031955 	 3.58135 	 3.90733 
210400	 0.0172331 	 3.29831 	 3.70091 
210500	 0.0161042 	 2.76009 	 3.09479 
210600	 0.0281207 	 3.54226 	 3.92525 
210700	 0.0235893 	 3.00484 	 3.44112 
210800	 0.02765 	 3.36188 	 4.27462 
210900	 0.0260773 	 3.36786 	 3.55676 
211000	 0.024364 	 3.51684 	 3.98037 
211100	 0.0238973 	 3.19705 	 3.8183 
211200	 0.0262864 	 2.89068 	 2.99663 
211300	 0.0314708 	 3.38945 	 3.70734 
211400	 0.0286825 	 3.70644 	 4.09038 
211500	 0.0276505 	 3.14559 	 3.34197 
211600	 0.019208 	 3.29027 	 3.64185 
211700	 0.0196165 	 2.88389 	 3.4793 
211800	 0.0265701 	 3.56402 	 4.24802 
211900	 0.0325746 	 2.5008 	 2.48792 
212000	 0.0229653 	 3.50204 	 3.76146 
212100	 0.0333155 	 3.59287 	 4.36661 
212200	 0.0184446 	 3.01734 	 2.49611 
212300	 0.0444213 	 3.20995 	 4.05229 
212400	 0.0181876 	 3.55346 	 4.35805 
212500	 0.0176366 	 2.83544 	 3.11603 
212600	 0.0240924 	 3.39805 	 3.97315 
212700	 0.0129091 	 3.58162 	 3.9116 
212800	 0.0355876 	 3.74007 	 3.79293 
212900	 0.0291748 	 3.76765 	 4.25253 
213000	 0.0289046 	 3.75858 	 3.80287 
213100	 0.0306503 	 3.10947 	 3.74476 
213200	 0.0302611 	 4.27034 	 4.44988 
213300	 0.0245355 	 2.77265 	 3.10444 
213400	 0.0232225 	 3.43277 	 3.7371 
213500	 0.0288056 	 3.09967 	 3.52298 
213600	 0.0294314 	 2.66899 	 2.87011 
213700	 0.0369187 	 3.13776 	 3.46317 
213800	 0.02203 	 3.12162 	 3.3458 
213900	 0.020773 	 2.83255 	 3.21945 
214000	 0.0310697 	 2.75743 	 3.18322 
214100	 0.0428655 	 3.59847 	 3.94602 
214200	 0.0299419 	 3.48296 	 4.70122 
214300	 0.0261384 	 3.40567 	 3.60563 
214400	 0.0356159 	 3.06396 	 3.49947 
214500	 0.0252016 	 3.01093 	 3.13039 
214600	 0.0414257 	 3.62212 	 4.3453 
214700	 0.0236566 	 3.84145 	 4.24722 
214800	 0.0257786 	 2.91659 	 2.95548 
214900	 0.0147458 	 3.67713 	 4.48623 
215000	 0.0306137 	 3.60992 	 3.84478 
215100	 0.0423111 	 3.49873 	 3.99751 
215200	 0.0284731 	 2.78528 	 3.09472 
215300	 0.027486 	 3.00923 	 3.41605 
215400	 0.0239185 	 2.74074 	 2.64744 
215500	 0.0238676 	 3.03733 	 3.36191 
215600	 0.0289291 	 3.08525 	 3.20366 
215700	 0.0229599 	 3.13325 	 3.11387 
215800	 0.0266164 	 3.39494 	 3.84405 
215900	 0.0164777 	 3.32629 	 3.61584 
216000	 0.0356954 	 3.64947 	 4.2551 
216100	 0.0291623 	 3.27064 	 3.622 
216200	 0.0473589 	 3.1356 	 3.28755 
216300	 0.0222211 	 3.00498 	 3.80658 
216400	 0.0360613 	 3.33515 	 3.63939 
216500	 0.0297108 	 3.20125 	 3.89891 
216600	 0.0274992 	 3.7614 	 4.74683 
216700	 0.0281253 	 3.70914 	 3.45827 
216800	 0.0418127 	 3.18862 	 3.35653 
216900	 0.046068 	 3.40968 	 4.07719 
217000	 0.0303997 	 3.65481 	 4.39802 
217100	 0.0300181 	 3.0155 	 3.29818 
217200	 0.0217061 	 3.19284 	 3.33734 
217300	 0.0324214 	 3.06852 	 3.34735 
217400	 0.0202124 	 3.46936 	 3.40921 
217500	 0.0361544 	 3.20551 	 3.66364 
217600	 0.0327699 	 3.53963 	 4.48537 
217700	 0.0346234 	 2.8353 	 3.33351 
217800	 0.0337723 	 2.87027 	 3.26152 
217900	 0.0210299 	 3.43626 	 3.90239 
218000	 0.0241736 	 3.26659 	 3.32321 
218100	 0.0317376 	 3.74009 	 4.28894 
218200	 0.0271325 	 3.36897 	 3.32966 
218300	 0.0235751 	 2.88874 	 3.45607 
218400	 0.0250989 	 3.15437 	 3.10291 
218500	 0.0285825 	 3.31473 	 4.22879 
218600	 0.0307238 	 4.28843 	 5.28052 
218700	 0.017498 	 3.32208 	 3.81986 
218800	 0.0354957 	 3.3754 	 3.85125 
218900	 0.031872 	 3.17823 	 3.36255 
219000	 0.0246622 	 3.39953 	 4.14399 
219100	 0.0185479 	 3.55496 	 4.08806 
219200	 0.0298807 	 3.37192 	 3.77748 
219300	 0.0322056 	 3.64805 	 4.21115 
219400	 0.0236695 	 3.54823 	 4.25246 
219500	 0.0276528 	 3.57666 	 3.87167 
219600	 0.0238521 	 3.07899 	 3.09677 
219700	 0.033536 	 3.07718 	 3.27425 
219800	 0.0276579 	 3.45783 	 3.38112 
219900	 0.0186027 	 2.89634 	 2.8812 
220000	 0.0504882 	 3.72452 	 4.34351 
220100	 0.0332366 	 3.19218 	 3.53128 
220200	 0.0410027 	 3.62801 	 4.125 
220300	 0.0264885 	 3.65064 	 4.24279 
220400	 0.020311 	 3.57353 	 3.73214 
220500	 0.0336004 	 3.47925 	 4.10432 
220600	 0.0308942 	 3.64267 	 4.0795 
220700	 0.0162168 	 3.61509 	 4.33017 
220800	 0.0223729 	 3.25063 	 4.18223 
220900	 0.0290118 	 3.65239 	 4.53513 
221000	 0.0400841 	 3.70449 	 4.60831 
221100	 0.0223994 	 3.31087 	 3.15042 
