0	 0.603874 	 -1.#IND 	 -1.#IND 
100	 0.363495 	 38.2061 	 37.2385 
200	 0.262776 	 19.1357 	 22.113 
300	 0.24611 	 20.6362 	 23.4374 
400	 0.238429 	 18.9559 	 21.3744 
500	 0.230717 	 17.8765 	 18.1545 
600	 0.200481 	 17.0391 	 17.8346 
700	 0.15669 	 14.9567 	 16.0917 
800	 0.206013 	 13.9557 	 13.7073 
900	 0.153682 	 11.1375 	 11.3673 
1000	 0.151612 	 17.1286 	 16.6244 
1100	 0.136764 	 13.443 	 13.7184 
1200	 0.144338 	 11.8547 	 12.2059 
1300	 0.138922 	 12.1032 	 12.6383 
1400	 0.160818 	 11.2693 	 11.6656 
1500	 0.135511 	 9.81955 	 8.93398 
1600	 0.129651 	 10.7546 	 11.8017 
1700	 0.127998 	 9.94415 	 10.11 
1800	 0.132888 	 10.5889 	 10.3541 
1900	 0.103751 	 10.9477 	 11.7925 
2000	 0.118776 	 11.3462 	 12.813 
2100	 0.127251 	 11.3436 	 12.1283 
2200	 0.162105 	 11.0042 	 10.68 
2300	 0.14718 	 12.1863 	 11.0858 
2400	 0.107773 	 8.44643 	 7.40758 
2500	 0.119644 	 7.89011 	 7.41195 
2600	 0.135138 	 8.35427 	 7.49283 
2700	 0.123926 	 8.63517 	 8.00316 
2800	 0.137795 	 9.82892 	 10.4818 
2900	 0.108712 	 9.6451 	 9.49637 
3000	 0.105162 	 7.98135 	 8.27121 
3100	 0.115822 	 7.98936 	 6.946 
3200	 0.10452 	 9.96716 	 9.4776 
3300	 0.104671 	 9.30867 	 9.03404 
3400	 0.0925318 	 7.84595 	 8.28495 
3500	 0.0818667 	 10.1002 	 9.81305 
3600	 0.108443 	 8.51244 	 6.74305 
3700	 0.102623 	 10.0063 	 9.8436 
3800	 0.151176 	 8.37815 	 8.38349 
3900	 0.104358 	 7.3496 	 6.9345 
4000	 0.148608 	 9.00972 	 9.66401 
4100	 0.112749 	 8.88336 	 8.9833 
4200	 0.114228 	 9.4245 	 8.93248 
4300	 0.0907162 	 9.14085 	 7.79262 
4400	 0.0927862 	 9.11199 	 8.62827 
4500	 0.107161 	 8.70931 	 7.59394 
4600	 0.112562 	 8.86011 	 10.0979 
4700	 0.0944488 	 7.20069 	 7.32479 
4800	 0.167319 	 8.07759 	 7.98907 
4900	 0.0988759 	 6.78075 	 7.64517 
5000	 0.115617 	 8.21844 	 7.23734 
5100	 0.117051 	 8.55657 	 10.2928 
5200	 0.133235 	 10.1782 	 11.2723 
5300	 0.120068 	 7.15176 	 6.81781 
5400	 0.104265 	 8.10729 	 7.61815 
5500	 0.0910109 	 7.44258 	 6.02636 
5600	 0.0849197 	 5.73877 	 6.45023 
5700	 0.0772747 	 8.01413 	 7.48769 
5800	 0.0986625 	 7.35492 	 7.08598 
5900	 0.0994006 	 7.3944 	 6.53816 
6000	 0.0834522 	 7.76418 	 7.98507 
6100	 0.119966 	 6.54086 	 6.0091 
6200	 0.103011 	 6.90757 	 7.24238 
6300	 0.102769 	 7.40043 	 6.05647 
6400	 0.107364 	 7.57867 	 6.22391 
6500	 0.102362 	 6.94721 	 8.50043 
6600	 0.101083 	 7.09393 	 8.37772 
6700	 0.0949681 	 7.10316 	 6.88062 
6800	 0.104277 	 6.94821 	 5.63697 
6900	 0.066002 	 6.7905 	 6.54731 
7000	 0.107238 	 8.53614 	 8.81819 
7100	 0.081689 	 6.70496 	 7.33516 
7200	 0.0804941 	 6.80345 	 7.18938 
7300	 0.0991005 	 6.90221 	 7.57199 
7400	 0.137689 	 8.30735 	 8.07462 
7500	 0.0796509 	 6.94693 	 7.63646 
7600	 0.0654772 	 6.1547 	 7.3104 
7700	 0.102637 	 6.1994 	 5.96981 
7800	 0.0899848 	 7.04588 	 6.07447 
7900	 0.0751609 	 6.72705 	 6.18552 
8000	 0.107485 	 6.78745 	 5.41518 
8100	 0.122197 	 7.64559 	 7.81648 
8200	 0.111134 	 8.12308 	 7.64679 
8300	 0.0731843 	 6.17239 	 6.09888 
8400	 0.0894009 	 6.35613 	 6.13893 
8500	 0.0724155 	 5.9454 	 6.2447 
8600	 0.1092 	 6.65355 	 5.81975 
8700	 0.0617731 	 6.96022 	 6.21461 
8800	 0.1065 	 4.33966 	 4.07276 
8900	 0.0922855 	 6.6963 	 7.05876 
9000	 0.068547 	 6.76448 	 6.17932 
9100	 0.0928346 	 5.99575 	 5.18271 
9200	 0.0764619 	 5.7945 	 5.03079 
9300	 0.0850065 	 5.93667 	 5.6337 
9400	 0.109737 	 6.4895 	 6.35015 
9500	 0.10496 	 6.87581 	 7.01363 
9600	 0.0879372 	 6.71479 	 6.69542 
9700	 0.08972 	 6.51139 	 6.31095 
9800	 0.0921054 	 6.17399 	 6.19566 
9900	 0.0973044 	 6.16128 	 6.83559 
10000	 0.0793311 	 6.94517 	 7.56307 
10100	 0.118239 	 5.99155 	 4.17074 
10200	 0.0936841 	 7.08542 	 6.40617 
10300	 0.0814718 	 6.20399 	 6.88022 
10400	 0.0675617 	 6.12936 	 5.76393 
10500	 0.063834 	 6.13114 	 5.82249 
10600	 0.0911432 	 7.74192 	 7.25813 
10700	 0.0786159 	 6.25356 	 6.91287 
10800	 0.0790588 	 6.52149 	 6.13833 
10900	 0.09382 	 5.14689 	 4.91156 
11000	 0.111352 	 5.56981 	 5.58668 
11100	 0.0979574 	 6.78826 	 7.15339 
11200	 0.0820923 	 6.52233 	 6.81062 
11300	 0.0928741 	 7.27697 	 7.24955 
11400	 0.067435 	 6.14282 	 6.39606 
11500	 0.105695 	 5.40781 	 5.22707 
11600	 0.0723935 	 6.75911 	 6.83535 
11700	 0.0793523 	 5.87952 	 5.71452 
11800	 0.0740304 	 5.49712 	 5.30814 
11900	 0.113672 	 6.29768 	 5.94301 
12000	 0.0891348 	 5.74786 	 5.9084 
12100	 0.0988686 	 7.93811 	 8.4975 
12200	 0.0688347 	 5.68141 	 5.93476 
12300	 0.0699923 	 5.67748 	 5.58585 
12400	 0.0998413 	 5.36996 	 4.90278 
12500	 0.0581469 	 5.66052 	 5.34035 
12600	 0.0791675 	 4.89193 	 4.3791 
12700	 0.096821 	 5.72069 	 5.41784 
12800	 0.0820798 	 5.91266 	 6.05552 
12900	 0.0857086 	 5.53285 	 5.22487 
13000	 0.0865922 	 5.23494 	 5.25132 
13100	 0.0849882 	 5.05931 	 5.03315 
13200	 0.106719 	 5.65291 	 6.35348 
13300	 0.0834815 	 5.84549 	 6.0231 
13400	 0.075208 	 5.81268 	 6.02006 
13500	 0.0930231 	 5.9123 	 5.73398 
13600	 0.0764989 	 5.12137 	 4.83064 
13700	 0.102845 	 7.99948 	 8.19306 
13800	 0.0821806 	 6.30857 	 6.11699 
13900	 0.0730026 	 5.15336 	 4.56377 
14000	 0.0619663 	 7.0011 	 7.81326 
14100	 0.0551035 	 5.16429 	 4.58082 
14200	 0.0558523 	 6.74353 	 6.37985 
14300	 0.0719087 	 5.83149 	 5.75099 
14400	 0.068198 	 5.07571 	 4.86062 
14500	 0.0789669 	 6.59997 	 6.11923 
14600	 0.0630951 	 5.4464 	 5.85703 
14700	 0.0927149 	 5.97617 	 5.44987 
14800	 0.0807711 	 7.02831 	 7.91174 
14900	 0.0828813 	 6.64874 	 7.03227 
15000	 0.0898475 	 5.36533 	 5.59691 
15100	 0.0516975 	 5.91121 	 6.73011 
15200	 0.0692152 	 6.13356 	 5.74874 
15300	 0.0671887 	 5.16486 	 5.51265 
15400	 0.0679209 	 5.2293 	 5.22366 
15500	 0.0842659 	 5.13 	 4.47067 
15600	 0.0726391 	 5.23571 	 4.67561 
15700	 0.0947973 	 6.6096 	 6.63713 
15800	 0.0706476 	 6.36083 	 6.67785 
15900	 0.0755906 	 5.54768 	 5.55089 
16000	 0.0570266 	 6.08375 	 5.83127 
16100	 0.0916541 	 7.43641 	 8.5984 
16200	 0.0919079 	 6.01384 	 6.44658 
16300	 0.046868 	 6.20973 	 7.40106 
16400	 0.0734032 	 6.84291 	 6.61339 
16500	 0.0679255 	 7.23739 	 7.02318 
16600	 0.0634112 	 5.31986 	 5.6966 
16700	 0.0626813 	 5.18532 	 5.40458 
16800	 0.0579922 	 4.80707 	 4.70382 
16900	 0.0675936 	 5.73099 	 6.09784 
17000	 0.0786984 	 6.28995 	 6.97675 
17100	 0.0476972 	 5.16456 	 5.34192 
17200	 0.0706049 	 5.00203 	 5.21885 
17300	 0.0791654 	 5.10265 	 4.56291 
17400	 0.0849101 	 4.87759 	 4.50453 
17500	 0.0992785 	 5.76537 	 5.86845 
17600	 0.0651417 	 4.19365 	 4.26317 
17700	 0.0772777 	 5.49333 	 5.13976 
17800	 0.0813568 	 7.07433 	 7.70582 
17900	 0.0514626 	 5.42641 	 5.65638 
18000	 0.0784023 	 5.09789 	 3.64591 
18100	 0.0737628 	 5.35371 	 5.98997 
18200	 0.0750147 	 5.33544 	 5.14225 
18300	 0.102724 	 5.70364 	 5.76281 
18400	 0.0911129 	 5.28127 	 5.53666 
18500	 0.0892408 	 6.0991 	 7.04668 
18600	 0.0588728 	 5.04616 	 5.40725 
18700	 0.0992399 	 5.39881 	 5.41963 
18800	 0.0598826 	 5.24317 	 5.74453 
18900	 0.078045 	 5.57962 	 6.82323 
19000	 0.0613948 	 5.8254 	 6.81085 
19100	 0.0832544 	 4.81897 	 4.64285 
19200	 0.064964 	 6.14033 	 7.01143 
19300	 0.0948632 	 5.07183 	 5.13507 
19400	 0.0960588 	 6.34472 	 6.42757 
19500	 0.0686667 	 4.80543 	 5.51369 
19600	 0.0713661 	 6.74807 	 6.65293 
19700	 0.0699819 	 4.89298 	 4.75466 
19800	 0.055784 	 4.59358 	 4.6328 
19900	 0.0711283 	 5.79741 	 5.01498 
20000	 0.059461 	 6.02707 	 6.69942 
20100	 0.1078 	 4.86278 	 4.65163 
20200	 0.0677077 	 4.88459 	 4.75949 
20300	 0.0526067 	 5.42514 	 5.46562 
20400	 0.0969508 	 4.94472 	 5.85453 
20500	 0.103737 	 6.04588 	 6.17294 
20600	 0.0660291 	 5.2097 	 5.19403 
20700	 0.0472944 	 4.57241 	 5.04058 
20800	 0.0692861 	 5.10301 	 5.04623 
20900	 0.078264 	 5.30983 	 5.27484 
21000	 0.0953125 	 5.37682 	 5.71473 
21100	 0.0537959 	 5.43717 	 5.64114 
21200	 0.0594318 	 5.52875 	 6.38587 
21300	 0.0523053 	 5.24346 	 5.49506 
21400	 0.0823019 	 5.396 	 6.08793 
21500	 0.0739251 	 5.1501 	 5.37142 
21600	 0.0568758 	 4.96173 	 4.84627 
21700	 0.0789742 	 5.40552 	 5.74929 
21800	 0.0487633 	 4.93283 	 5.71669 
21900	 0.0474869 	 5.45436 	 5.76118 
22000	 0.0827146 	 5.23586 	 5.81693 
22100	 0.0452949 	 4.17173 	 4.27663 
22200	 0.0701859 	 6.93922 	 7.8205 
22300	 0.0627384 	 5.75172 	 5.59538 
22400	 0.0598367 	 5.12604 	 4.70581 
22500	 0.0770874 	 4.74548 	 4.79669 
22600	 0.0493892 	 5.63106 	 6.15563 
22700	 0.0689583 	 4.65018 	 4.47626 
22800	 0.0516772 	 4.82519 	 5.65342 
22900	 0.0697562 	 4.98766 	 4.60514 
23000	 0.087639 	 5.30773 	 4.97094 
23100	 0.0643739 	 4.94061 	 4.84757 
23200	 0.0493005 	 5.49953 	 5.85952 
23300	 0.0703766 	 5.75334 	 5.58293 
23400	 0.0781582 	 4.10746 	 3.92932 
23500	 0.0628998 	 5.63061 	 5.49366 
23600	 0.0610475 	 5.03284 	 5.07445 
23700	 0.043428 	 6.17014 	 6.77928 
23800	 0.0679836 	 4.32095 	 5.04344 
23900	 0.0860738 	 5.26077 	 4.96703 
24000	 0.0722007 	 5.85695 	 6.28808 
24100	 0.0886867 	 5.35816 	 5.83933 
24200	 0.062779 	 4.82259 	 4.77276 
24300	 0.0835432 	 5.18607 	 5.26343 
24400	 0.0513047 	 5.48498 	 6.09534 
24500	 0.0767188 	 5.03899 	 5.13249 
24600	 0.0882598 	 4.88814 	 4.35558 
24700	 0.0527575 	 4.68048 	 5.02902 
24800	 0.0641796 	 4.50314 	 5.2137 
24900	 0.0497781 	 5.78268 	 6.42799 
25000	 0.0836245 	 4.71634 	 4.18556 
25100	 0.0599001 	 5.33316 	 6.08472 
25200	 0.0467154 	 4.22489 	 3.99893 
25300	 0.0637025 	 5.34981 	 5.67275 
25400	 0.0774698 	 6.4686 	 7.51581 
25500	 0.0867566 	 5.75323 	 6.81206 
25600	 0.0584483 	 6.01903 	 6.35473 
25700	 0.059115 	 4.50867 	 4.47495 
25800	 0.0616413 	 5.21009 	 5.84803 
25900	 0.0746889 	 5.11896 	 5.93362 
26000	 0.0734989 	 5.39661 	 5.42968 
26100	 0.0546189 	 4.06006 	 4.3936 
26200	 0.0517746 	 4.43264 	 3.91165 
26300	 0.0655984 	 4.81842 	 5.39421 
26400	 0.0367365 	 4.93198 	 5.6314 
26500	 0.0545937 	 5.08772 	 5.03641 
26600	 0.069309 	 4.53402 	 5.02421 
26700	 0.0635928 	 4.71062 	 4.16736 
26800	 0.0563698 	 5.74629 	 6.54345 
26900	 0.0590599 	 5.52866 	 5.91829 
27000	 0.0747845 	 3.93889 	 3.79246 
27100	 0.0654147 	 4.04725 	 4.14127 
27200	 0.082589 	 4.88791 	 5.34825 
27300	 0.054986 	 4.48141 	 5.20159 
27400	 0.0779891 	 5.37057 	 5.94183 
27500	 0.0553826 	 5.64776 	 6.53678 
27600	 0.0473582 	 4.32305 	 4.13348 
27700	 0.0651727 	 5.46012 	 5.39743 
27800	 0.060132 	 5.05153 	 5.03867 
27900	 0.0490975 	 5.03921 	 4.79264 
28000	 0.082185 	 5.38388 	 5.04256 
28100	 0.0702326 	 5.98495 	 6.78938 
28200	 0.049716 	 5.78966 	 6.25453 
28300	 0.0705217 	 4.62118 	 5.12312 
28400	 0.0534209 	 4.8382 	 4.52036 
28500	 0.0447269 	 4.30315 	 3.99215 
28600	 0.0439354 	 4.99834 	 5.112 
28700	 0.0616619 	 5.29105 	 5.82573 
28800	 0.0715707 	 4.60373 	 4.60665 
28900	 0.0610636 	 4.98197 	 5.36075 
29000	 0.0494062 	 4.75247 	 5.06797 
29100	 0.0483349 	 5.08394 	 6.3367 
29200	 0.0593255 	 5.09796 	 4.40621 
29300	 0.0627902 	 5.17592 	 5.28656 
29400	 0.055956 	 4.00734 	 4.20682 
29500	 0.0647867 	 4.79605 	 5.77438 
29600	 0.0727454 	 5.78972 	 5.2245 
29700	 0.0600822 	 4.94808 	 5.77755 
29800	 0.0655095 	 4.30703 	 3.92863 
29900	 0.0672078 	 5.5023 	 5.04519 
30000	 0.0545216 	 3.98127 	 3.86533 
30100	 0.0500811 	 5.32745 	 5.64243 
30200	 0.0523066 	 5.3657 	 6.0626 
30300	 0.0583833 	 5.37859 	 5.91995 
30400	 0.0428636 	 4.79257 	 5.79511 
30500	 0.0538482 	 4.71764 	 5.15201 
30600	 0.0737171 	 4.5181 	 4.32589 
30700	 0.0753916 	 4.61406 	 4.56995 
30800	 0.0442693 	 5.23351 	 5.73399 
30900	 0.0663101 	 5.36116 	 7.1248 
31000	 0.0576843 	 5.71565 	 5.79207 
31100	 0.0617348 	 5.09076 	 5.33643 
31200	 0.0658015 	 5.32433 	 5.40145 
31300	 0.0621633 	 4.54489 	 4.88669 
31400	 0.074694 	 5.61472 	 6.33397 
31500	 0.0897055 	 5.38184 	 6.20682 
31600	 0.0681046 	 5.81241 	 6.12374 
31700	 0.0601239 	 4.89373 	 4.96556 
31800	 0.062469 	 5.30427 	 5.87738 
31900	 0.0475699 	 5.18145 	 5.86337 
32000	 0.0463901 	 4.12667 	 3.8681 
32100	 0.0735329 	 5.88766 	 6.38498 
32200	 0.0498017 	 3.83132 	 3.29565 
32300	 0.0560857 	 4.50369 	 5.0436 
32400	 0.0466012 	 4.14274 	 4.15957 
32500	 0.0651463 	 4.83439 	 5.8 
32600	 0.0545662 	 4.47262 	 5.26348 
32700	 0.0791809 	 5.71067 	 6.04591 
32800	 0.0525474 	 4.92411 	 5.03437 
32900	 0.0617468 	 5.80852 	 6.72246 
33000	 0.0734471 	 4.74517 	 4.67748 
33100	 0.0430729 	 4.3857 	 4.24 
33200	 0.0507114 	 4.55621 	 4.7479 
33300	 0.0432675 	 4.64533 	 4.63609 
33400	 0.0615163 	 4.77653 	 5.99472 
33500	 0.0534272 	 4.87546 	 4.74386 
33600	 0.0692438 	 4.46199 	 4.77122 
33700	 0.0536881 	 5.52261 	 6.19697 
33800	 0.063724 	 4.44347 	 4.12141 
33900	 0.0484507 	 4.6892 	 5.66879 
34000	 0.0811049 	 5.09849 	 4.84465 
34100	 0.0756523 	 4.80126 	 5.03768 
34200	 0.0557248 	 5.09704 	 4.66252 
34300	 0.050032 	 4.81062 	 5.08915 
34400	 0.0655706 	 5.24704 	 5.9861 
34500	 0.0497083 	 3.92665 	 4.75296 
34600	 0.0454231 	 5.12479 	 6.25009 
34700	 0.0696693 	 4.75315 	 5.03039 
34800	 0.0400397 	 5.26002 	 5.52726 
34900	 0.047018 	 4.34827 	 5.1058 
35000	 0.066943 	 5.29495 	 5.7747 
35100	 0.0630683 	 5.35943 	 5.4141 
35200	 0.0445265 	 4.00432 	 4.46359 
35300	 0.0921132 	 4.66352 	 4.64875 
35400	 0.0756749 	 5.06636 	 5.39848 
35500	 0.053965 	 4.17179 	 4.00231 
35600	 0.0556965 	 4.14994 	 3.97472 
35700	 0.0616167 	 4.23009 	 4.48019 
35800	 0.040594 	 5.07406 	 4.82332 
35900	 0.067934 	 4.59684 	 4.3725 
36000	 0.0474942 	 5.12189 	 5.08755 
36100	 0.0499523 	 5.25285 	 5.10925 
36200	 0.0529068 	 4.27911 	 4.43637 
36300	 0.0406356 	 4.53411 	 5.14936 
36400	 0.0751479 	 5.22695 	 6.49597 
36500	 0.0525098 	 4.75648 	 4.85511 
36600	 0.0612718 	 5.19053 	 5.20493 
36700	 0.0701439 	 6.52333 	 6.45312 
36800	 0.0529779 	 4.60721 	 4.63187 
36900	 0.0329296 	 5.73764 	 6.88982 
37000	 0.0634216 	 4.22425 	 4.49649 
37100	 0.0953578 	 4.9045 	 5.69306 
37200	 0.0669021 	 4.54578 	 4.4024 
37300	 0.0721003 	 4.99124 	 5.76129 
37400	 0.0383586 	 5.17601 	 5.70451 
37500	 0.0655839 	 5.75082 	 7.13075 
37600	 0.0497585 	 4.68313 	 5.55257 
37700	 0.0447215 	 4.70375 	 5.12565 
37800	 0.0469956 	 4.02536 	 4.11202 
37900	 0.0795987 	 5.9023 	 6.62788 
38000	 0.0456784 	 5.07427 	 5.25456 
38100	 0.0697848 	 3.93954 	 3.57343 
38200	 0.0463237 	 5.41507 	 5.5846 
38300	 0.0508737 	 4.36128 	 4.1112 
38400	 0.048393 	 5.42472 	 4.67026 
38500	 0.0593595 	 3.74667 	 3.76283 
38600	 0.0728877 	 4.51321 	 5.05312 
38700	 0.0408903 	 4.70944 	 4.72836 
38800	 0.053242 	 4.60978 	 4.84622 
38900	 0.0638066 	 4.55203 	 4.72418 
39000	 0.0578369 	 4.43371 	 4.51197 
39100	 0.0473772 	 4.84873 	 4.72328 
39200	 0.0509163 	 5.38874 	 6.16417 
39300	 0.0828519 	 5.83593 	 5.93054 
39400	 0.0495636 	 4.99188 	 5.85313 
39500	 0.0633854 	 4.73036 	 5.03585 
39600	 0.0730463 	 4.90287 	 5.18187 
39700	 0.0693633 	 4.32915 	 3.86624 
39800	 0.075107 	 4.61915 	 4.22099 
39900	 0.0592002 	 4.48463 	 4.70448 
40000	 0.0596645 	 4.56038 	 5.0548 
40100	 0.0554798 	 6.06137 	 6.08427 
40200	 0.0598044 	 4.67829 	 4.69752 
40300	 0.0692051 	 4.85533 	 5.41585 
40400	 0.0684529 	 5.93383 	 6.52997 
40500	 0.038357 	 5.01633 	 5.89887 
40600	 0.0743603 	 4.9729 	 5.4544 
40700	 0.0491768 	 3.60997 	 3.83711 
40800	 0.0462897 	 4.597 	 4.9828 
40900	 0.0489007 	 5.52432 	 5.34276 
41000	 0.0620862 	 4.6712 	 4.5564 
41100	 0.0723786 	 5.15564 	 5.74073 
41200	 0.0506946 	 4.15703 	 4.25941 
41300	 0.0480855 	 5.00309 	 5.06152 
41400	 0.0590121 	 4.11304 	 4.42883 
41500	 0.0475613 	 4.98956 	 4.73682 
41600	 0.0641525 	 4.38838 	 4.01991 
41700	 0.0521973 	 5.34374 	 5.97848 
41800	 0.0645906 	 4.21269 	 4.20552 
41900	 0.0734266 	 4.30621 	 4.36499 
42000	 0.0582387 	 5.12474 	 5.1435 
42100	 0.0563256 	 4.72769 	 5.09585 
42200	 0.0365895 	 3.81338 	 4.29092 
42300	 0.0448956 	 3.76411 	 4.05351 
42400	 0.0721352 	 4.77677 	 4.96795 
42500	 0.0507702 	 4.42822 	 4.89893 
42600	 0.0559062 	 4.87254 	 4.58843 
42700	 0.0671632 	 4.60371 	 4.83115 
42800	 0.0548827 	 4.4743 	 4.28547 
42900	 0.0645326 	 5.31864 	 5.57832 
43000	 0.0480448 	 4.3936 	 3.96455 
43100	 0.0532616 	 5.46453 	 5.55575 
43200	 0.0372147 	 3.65423 	 3.72134 
43300	 0.0579058 	 4.71024 	 5.18923 
43400	 0.0534269 	 4.86473 	 4.38168 
43500	 0.0327044 	 4.47092 	 5.12216 
43600	 0.0408599 	 5.39065 	 5.58124 
43700	 0.0545937 	 3.65142 	 4.26218 
43800	 0.0586023 	 3.25314 	 3.42886 
43900	 0.0728762 	 4.35072 	 5.05774 
44000	 0.0734525 	 4.97868 	 5.82783 
44100	 0.0709162 	 5.09329 	 5.62269 
44200	 0.0755982 	 3.93723 	 4.22124 
44300	 0.0608262 	 4.26986 	 4.47442 
44400	 0.0583562 	 4.3268 	 5.06496 
44500	 0.0686934 	 5.10438 	 5.17178 
44600	 0.0421512 	 4.51194 	 4.66443 
44700	 0.0814141 	 4.58778 	 5.13073 
44800	 0.0534017 	 3.90523 	 3.97721 
44900	 0.0544034 	 4.74199 	 5.47975 
45000	 0.0771648 	 4.23337 	 4.7748 
45100	 0.0510334 	 4.68014 	 5.44194 
45200	 0.0529431 	 4.5577 	 5.13528 
45300	 0.0695539 	 4.65909 	 3.91174 
45400	 0.058656 	 4.41412 	 4.42685 
45500	 0.052417 	 4.75682 	 4.74463 
45600	 0.0754696 	 4.81953 	 4.89383 
45700	 0.0473805 	 4.58384 	 5.02362 
45800	 0.0709714 	 4.81743 	 5.39617 
45900	 0.0582582 	 4.37393 	 4.68123 
46000	 0.0417905 	 4.61688 	 4.68876 
46100	 0.0554404 	 5.14581 	 6.04658 
46200	 0.0471238 	 4.97237 	 5.01476 
46300	 0.0439743 	 4.30964 	 4.36981 
46400	 0.0526421 	 4.524 	 4.69878 
46500	 0.0512261 	 5.47903 	 5.88951 
46600	 0.0464408 	 5.31614 	 5.50972 
46700	 0.0628876 	 4.1615 	 4.47356 
46800	 0.04802 	 4.94556 	 5.59165 
46900	 0.0417184 	 4.03048 	 4.5974 
47000	 0.0581755 	 4.78576 	 4.19268 
47100	 0.0341748 	 4.55726 	 4.41391 
47200	 0.0457752 	 4.58722 	 4.52235 
47300	 0.0363715 	 3.95894 	 4.43048 
47400	 0.0509613 	 4.60408 	 5.03022 
47500	 0.0469909 	 4.15696 	 4.94357 
47600	 0.0688398 	 3.79951 	 3.62646 
47700	 0.0462179 	 4.78513 	 4.2685 
47800	 0.0491473 	 4.85655 	 4.89301 
47900	 0.0315235 	 4.80315 	 5.06272 
48000	 0.0419303 	 4.66853 	 4.99516 
48100	 0.0780208 	 4.5758 	 5.24034 
48200	 0.0699942 	 4.44715 	 4.77249 
48300	 0.0346586 	 4.4198 	 4.67738 
48400	 0.056964 	 3.96576 	 3.9435 
48500	 0.0753266 	 4.66294 	 4.52099 
48600	 0.053286 	 3.87213 	 3.87235 
48700	 0.0601537 	 4.74 	 5.81212 
48800	 0.0530939 	 3.78148 	 3.98789 
48900	 0.0517766 	 3.84036 	 4.18061 
49000	 0.0638147 	 5.0103 	 5.48378 
49100	 0.050722 	 4.11703 	 4.39177 
49200	 0.0348292 	 4.93195 	 6.24442 
49300	 0.0551424 	 4.02794 	 3.85002 
49400	 0.0701839 	 5.01846 	 6.08753 
49500	 0.0334362 	 4.96047 	 4.91281 
49600	 0.044713 	 4.57704 	 4.61252 
49700	 0.0374057 	 3.75144 	 3.7236 
49800	 0.0525869 	 4.13335 	 4.30118 
49900	 0.0478895 	 3.39224 	 3.38418 
50000	 0.0629684 	 4.27726 	 4.69879 
50100	 0.0506956 	 5.11584 	 4.7868 
50200	 0.0359227 	 5.09701 	 5.07741 
50300	 0.0454327 	 4.28755 	 4.4127 
50400	 0.0499787 	 5.34154 	 5.66639 
50500	 0.0540095 	 3.89439 	 4.57424 
50600	 0.0368756 	 4.29591 	 4.65434 
50700	 0.0489896 	 4.62479 	 4.83147 
50800	 0.0405785 	 4.06755 	 4.29678 
50900	 0.0458846 	 3.60285 	 3.89424 
51000	 0.0394482 	 5.73401 	 7.49746 
51100	 0.0717857 	 4.64096 	 5.48321 
51200	 0.0402317 	 4.88867 	 5.51094 
51300	 0.0460516 	 4.54343 	 4.72512 
51400	 0.0387719 	 3.99767 	 3.87132 
51500	 0.0758048 	 4.58535 	 4.81552 
51600	 0.0524724 	 4.55609 	 5.01276 
51700	 0.0484171 	 4.67462 	 4.86459 
51800	 0.0453161 	 4.07623 	 4.49666 
51900	 0.0542821 	 4.46115 	 4.74618 
52000	 0.0445935 	 4.01273 	 4.44107 
52100	 0.0750397 	 3.97347 	 4.61314 
52200	 0.0631573 	 5.17027 	 5.18024 
52300	 0.0747573 	 4.61579 	 5.41469 
52400	 0.043024 	 4.21282 	 3.60625 
52500	 0.0369624 	 4.45502 	 4.281 
52600	 0.0432659 	 5.02762 	 5.46556 
52700	 0.0320429 	 3.80629 	 4.24624 
52800	 0.0567118 	 4.10946 	 3.87864 
52900	 0.0627137 	 5.11043 	 5.15072 
53000	 0.0805274 	 4.56783 	 4.25653 
53100	 0.033826 	 4.11168 	 4.48003 
53200	 0.0569019 	 4.70101 	 5.9271 
53300	 0.0331752 	 4.50616 	 4.19056 
53400	 0.0528956 	 3.98377 	 3.93351 
53500	 0.0307625 	 4.35565 	 4.27191 
53600	 0.0653779 	 4.25211 	 4.92806 
53700	 0.0702248 	 4.3193 	 4.70234 
53800	 0.0428145 	 4.54979 	 4.24255 
53900	 0.0448379 	 4.28992 	 4.76179 
54000	 0.0570854 	 4.59884 	 4.93145 
54100	 0.040945 	 4.09001 	 4.03372 
54200	 0.0636289 	 4.12629 	 3.70859 
54300	 0.0470758 	 5.06582 	 5.88933 
54400	 0.0405524 	 4.60307 	 4.64241 
54500	 0.0610887 	 5.24934 	 5.77294 
54600	 0.0597049 	 3.24723 	 3.23446 
54700	 0.0429228 	 4.68067 	 4.59409 
54800	 0.0398451 	 5.10696 	 5.3586 
54900	 0.0406633 	 4.17072 	 3.81284 
55000	 0.0486494 	 3.14489 	 3.44923 
55100	 0.0579213 	 4.67523 	 4.80741 
55200	 0.0565285 	 4.68202 	 5.16116 
55300	 0.0375288 	 4.54964 	 4.84934 
55400	 0.0375166 	 4.47191 	 5.14383 
55500	 0.0576844 	 4.32299 	 4.92333 
55600	 0.0433671 	 4.60099 	 4.13664 
55700	 0.0638799 	 4.45255 	 4.27089 
55800	 0.0459244 	 4.14795 	 4.21997 
55900	 0.0446127 	 4.55356 	 4.50199 
56000	 0.0523858 	 4.63381 	 4.52689 
56100	 0.0341692 	 4.27935 	 4.99248 
56200	 0.0484568 	 4.38932 	 5.09274 
56300	 0.0857326 	 3.53663 	 4.23442 
56400	 0.0472056 	 4.83785 	 5.68222 
56500	 0.0772733 	 4.723 	 4.62229 
56600	 0.0718748 	 4.61907 	 4.81052 
56700	 0.0515736 	 4.46445 	 5.06534 
56800	 0.0544235 	 3.877 	 3.63226 
56900	 0.0492823 	 4.4021 	 4.62163 
57000	 0.0405201 	 5.00664 	 5.13016 
57100	 0.0373279 	 5.41175 	 6.01458 
57200	 0.0475276 	 4.30061 	 5.12014 
57300	 0.0629824 	 3.46426 	 3.80032 
57400	 0.0412847 	 4.13957 	 3.99275 
57500	 0.0662527 	 4.71594 	 4.45934 
57600	 0.0647159 	 4.7189 	 4.82086 
57700	 0.042243 	 6.23356 	 7.6714 
57800	 0.0555466 	 5.07111 	 5.95589 
57900	 0.0336652 	 4.49491 	 4.70036 
58000	 0.0394318 	 4.58326 	 5.91597 
58100	 0.0351644 	 4.17234 	 4.36055 
58200	 0.0545618 	 3.5301 	 3.74168 
58300	 0.0399293 	 4.86597 	 4.96479 
58400	 0.0382039 	 4.44655 	 4.41303 
58500	 0.0555411 	 4.54388 	 4.65262 
58600	 0.0432626 	 3.93532 	 3.38807 
58700	 0.0507408 	 4.70598 	 4.5663 
58800	 0.035733 	 4.37282 	 4.46465 
58900	 0.0532489 	 4.92405 	 5.61443 
59000	 0.0365288 	 5.11523 	 6.08477 
59100	 0.0662342 	 4.51333 	 4.85642 
59200	 0.0722149 	 4.18873 	 4.71976 
59300	 0.0310372 	 3.32283 	 3.79431 
59400	 0.0670236 	 4.7336 	 5.34091 
59500	 0.0380841 	 4.75106 	 5.18237 
59600	 0.061505 	 4.72642 	 5.27051 
59700	 0.0363986 	 4.17679 	 4.64811 
59800	 0.0452597 	 4.74922 	 4.93898 
59900	 0.0568346 	 4.60364 	 5.34856 
60000	 0.0481103 	 5.55003 	 5.20435 
60100	 0.0711107 	 4.95224 	 5.52366 
60200	 0.0461982 	 4.22107 	 5.58217 
60300	 0.0442908 	 3.96723 	 3.54894 
60400	 0.0627575 	 4.30595 	 4.64089 
60500	 0.0563858 	 4.81259 	 5.11093 
60600	 0.0559493 	 5.36704 	 5.71264 
60700	 0.0660285 	 4.0815 	 4.36423 
60800	 0.0449253 	 3.42676 	 3.25586 
60900	 0.0499145 	 3.83729 	 4.38664 
61000	 0.0697926 	 4.21735 	 4.87512 
61100	 0.0600163 	 3.86128 	 3.70386 
61200	 0.0574467 	 3.67969 	 3.99053 
61300	 0.0670669 	 4.44124 	 5.06248 
61400	 0.0445707 	 4.52084 	 5.0285 
61500	 0.0543791 	 4.38087 	 4.78119 
61600	 0.0435026 	 4.55152 	 4.31893 
61700	 0.0569523 	 4.85962 	 5.74124 
61800	 0.0595097 	 4.01212 	 5.0753 
61900	 0.0642198 	 4.88774 	 5.60143 
62000	 0.04854 	 4.84368 	 5.90744 
62100	 0.0337754 	 4.63823 	 4.7682 
62200	 0.0573589 	 4.41287 	 5.34274 
62300	 0.0249102 	 4.05696 	 3.98989 
62400	 0.0522308 	 3.90315 	 4.19003 
62500	 0.0288822 	 4.46541 	 4.02773 
62600	 0.0332649 	 4.5419 	 4.6688 
62700	 0.0557037 	 3.42749 	 3.49346 
62800	 0.043219 	 4.44407 	 4.54453 
62900	 0.0500092 	 3.99881 	 4.40471 
63000	 0.0466849 	 5.25997 	 6.19269 
63100	 0.0593008 	 4.19783 	 4.31802 
63200	 0.0516053 	 4.33273 	 4.749 
63300	 0.0428103 	 4.80136 	 5.2747 
63400	 0.025944 	 4.60573 	 5.42782 
63500	 0.0383149 	 3.78208 	 3.928 
63600	 0.0412728 	 4.4 	 4.64032 
63700	 0.0632569 	 4.7163 	 5.38472 
63800	 0.0463753 	 4.86184 	 6.15565 
63900	 0.0330661 	 4.37468 	 4.90747 
64000	 0.0707574 	 4.58279 	 4.51419 
64100	 0.0826188 	 4.78695 	 4.82152 
64200	 0.0487185 	 5.10801 	 5.51642 
64300	 0.0472441 	 4.67968 	 5.13803 
64400	 0.0535058 	 3.67124 	 3.55795 
64500	 0.054555 	 3.48288 	 3.16054 
64600	 0.0422399 	 3.91233 	 3.77555 
64700	 0.0431412 	 4.81825 	 5.06141 
64800	 0.0518567 	 3.96399 	 4.08598 
64900	 0.0501219 	 4.31701 	 4.72083 
65000	 0.0405509 	 4.9662 	 5.47439 
65100	 0.0529885 	 4.67753 	 5.46954 
65200	 0.0623354 	 3.99532 	 4.45422 
65300	 0.0540891 	 4.39339 	 4.0449 
65400	 0.0483464 	 4.9516 	 5.20527 
65500	 0.0407417 	 4.76282 	 4.9664 
65600	 0.043753 	 4.26152 	 5.37383 
65700	 0.0524375 	 4.43695 	 5.11546 
65800	 0.046734 	 3.95267 	 4.1402 
65900	 0.0441418 	 4.24112 	 4.4738 
66000	 0.108741 	 3.62565 	 3.65917 
66100	 0.0321278 	 3.82431 	 4.05659 
66200	 0.0468968 	 4.09799 	 4.38267 
66300	 0.0569903 	 4.592 	 5.49069 
66400	 0.0523364 	 4.13221 	 5.07025 
66500	 0.0565982 	 4.94798 	 5.84409 
66600	 0.037068 	 4.0359 	 4.3197 
66700	 0.0551398 	 4.05956 	 4.14749 
66800	 0.0379473 	 3.89546 	 3.95769 
66900	 0.0314059 	 3.87817 	 3.89474 
67000	 0.025758 	 3.86665 	 4.00575 
67100	 0.0384239 	 3.54894 	 3.98362 
67200	 0.0718823 	 4.67579 	 5.61986 
67300	 0.0386398 	 4.0126 	 4.20156 
67400	 0.0403241 	 3.80552 	 3.86073 
67500	 0.0383716 	 4.42114 	 4.7727 
67600	 0.0481537 	 4.53118 	 4.87842 
67700	 0.0804028 	 3.84817 	 3.98214 
67800	 0.0729177 	 3.79896 	 4.14776 
67900	 0.0441921 	 3.8735 	 3.60731 
68000	 0.0356845 	 4.25789 	 4.48222 
68100	 0.0497312 	 5.26788 	 4.87084 
68200	 0.0321036 	 5.63879 	 6.38442 
68300	 0.0477147 	 4.50624 	 5.29316 
68400	 0.0465441 	 4.35506 	 4.68919 
68500	 0.0640653 	 3.88448 	 4.02177 
68600	 0.0678194 	 3.91281 	 4.18163 
68700	 0.0345229 	 4.19676 	 4.43048 
68800	 0.058318 	 4.22882 	 4.59707 
68900	 0.0446593 	 4.3146 	 5.32626 
69000	 0.0538788 	 4.64065 	 5.05289 
69100	 0.0377717 	 4.4422 	 4.17121 
69200	 0.0804499 	 4.33718 	 5.30203 
69300	 0.0527201 	 4.6725 	 4.5994 
69400	 0.0540096 	 4.01446 	 4.07634 
69500	 0.0463023 	 3.79987 	 3.72563 
69600	 0.0275435 	 3.66073 	 3.53199 
69700	 0.0403853 	 4.68404 	 4.92571 
69800	 0.0475796 	 4.8192 	 5.60009 
69900	 0.0436063 	 4.10095 	 4.21801 
70000	 0.0421917 	 4.14277 	 4.5976 
70100	 0.0702259 	 4.98722 	 5.42474 
70200	 0.0526877 	 3.95443 	 4.13766 
70300	 0.0360903 	 3.92611 	 4.7184 
70400	 0.0396821 	 3.75483 	 4.67008 
70500	 0.049577 	 4.637 	 4.74331 
70600	 0.0488344 	 3.77838 	 3.90616 
70700	 0.0539905 	 4.01795 	 3.794 
70800	 0.0510477 	 3.73808 	 4.32758 
70900	 0.0818413 	 4.58451 	 5.17787 
71000	 0.0553692 	 4.66073 	 4.95417 
71100	 0.0454716 	 3.61143 	 3.89171 
71200	 0.0374247 	 4.57132 	 4.79417 
71300	 0.0626274 	 5.01942 	 6.36752 
71400	 0.0564832 	 3.99019 	 3.90203 
71500	 0.0647107 	 4.12787 	 4.33712 
71600	 0.0480593 	 3.86775 	 4.14397 
71700	 0.0541088 	 4.90344 	 5.23081 
71800	 0.0428172 	 3.83337 	 3.74905 
71900	 0.0496141 	 4.22486 	 4.32743 
72000	 0.0404654 	 3.71448 	 3.98622 
72100	 0.0333057 	 4.1639 	 4.35168 
72200	 0.0540073 	 4.1219 	 4.65554 
72300	 0.0537094 	 4.42282 	 4.65319 
72400	 0.0489155 	 3.69471 	 4.14944 
72500	 0.0342542 	 3.79102 	 3.80856 
72600	 0.0535759 	 3.8627 	 4.8019 
72700	 0.0291346 	 3.76085 	 4.0867 
72800	 0.0335373 	 3.0599 	 3.1721 
72900	 0.034766 	 3.99054 	 4.11532 
73000	 0.0398504 	 4.37413 	 4.74199 
73100	 0.0292919 	 3.91988 	 4.07409 
73200	 0.0477784 	 4.28968 	 4.8408 
73300	 0.0552697 	 4.65448 	 4.90333 
73400	 0.0411627 	 3.84355 	 4.71825 
73500	 0.042817 	 5.55927 	 6.18841 
73600	 0.0493571 	 4.52552 	 4.75081 
73700	 0.0568852 	 3.52702 	 3.9159 
73800	 0.051487 	 3.89449 	 3.74361 
73900	 0.0625251 	 3.82213 	 4.66738 
74000	 0.0467572 	 4.33449 	 4.68252 
74100	 0.0538073 	 4.30159 	 4.1874 
74200	 0.0505587 	 5.59923 	 5.58073 
74300	 0.0543342 	 4.56485 	 5.30572 
74400	 0.0578258 	 4.18782 	 4.69628 
74500	 0.0452089 	 4.63312 	 5.08493 
74600	 0.0395854 	 4.9116 	 5.67211 
74700	 0.0451838 	 4.92788 	 4.41733 
74800	 0.0690477 	 3.78553 	 3.75575 
74900	 0.0357059 	 4.54431 	 4.96283 
75000	 0.0355804 	 4.38322 	 4.47748 
75100	 0.04902 	 4.68016 	 4.73696 
75200	 0.0461966 	 4.40553 	 4.44009 
75300	 0.0295897 	 3.40992 	 3.50687 
75400	 0.0360387 	 4.46315 	 4.81782 
75500	 0.0382615 	 4.29689 	 4.64841 
75600	 0.0509636 	 4.90602 	 5.15692 
75700	 0.0553411 	 4.06377 	 4.61006 
75800	 0.0416082 	 4.76896 	 5.85713 
75900	 0.0396379 	 4.58669 	 4.85672 
76000	 0.0535014 	 3.60473 	 4.28414 
76100	 0.0537388 	 3.59986 	 3.93319 
76200	 0.0403441 	 4.69649 	 4.84679 
76300	 0.0680176 	 4.33825 	 4.28498 
76400	 0.0504657 	 3.2438 	 3.38572 
76500	 0.0427204 	 3.9911 	 4.04 
76600	 0.0333337 	 4.61787 	 4.6186 
76700	 0.0440951 	 3.59587 	 3.84548 
76800	 0.0515056 	 4.15697 	 4.4439 
76900	 0.0539753 	 4.01474 	 3.77874 
77000	 0.0653196 	 4.58842 	 4.86122 
77100	 0.0684415 	 3.71986 	 3.51667 
77200	 0.0471676 	 3.46214 	 3.88752 
77300	 0.0313699 	 4.03314 	 4.34222 
77400	 0.0379211 	 4.14984 	 4.45048 
77500	 0.0366205 	 4.47364 	 5.06452 
77600	 0.0538098 	 4.20924 	 3.95692 
77700	 0.0387483 	 3.97974 	 4.76165 
77800	 0.0531502 	 3.85946 	 3.83261 
77900	 0.0495319 	 4.02283 	 4.00774 
78000	 0.0595241 	 3.92203 	 3.65578 
78100	 0.0433223 	 3.52746 	 3.67975 
78200	 0.0378688 	 4.35012 	 4.59756 
78300	 0.0584298 	 4.30622 	 5.27342 
78400	 0.0504352 	 3.52827 	 3.81537 
78500	 0.0584555 	 3.74168 	 3.95571 
78600	 0.0440981 	 3.9468 	 4.35091 
78700	 0.0359643 	 4.16993 	 4.4915 
78800	 0.034747 	 3.90173 	 4.43017 
78900	 0.0524639 	 3.77457 	 3.93708 
79000	 0.0511579 	 4.06659 	 4.72029 
79100	 0.0387654 	 4.86022 	 5.31057 
79200	 0.04045 	 4.35663 	 4.19656 
79300	 0.0610571 	 4.29642 	 4.94402 
79400	 0.0340544 	 3.7219 	 4.27595 
79500	 0.0489839 	 4.80483 	 5.21373 
79600	 0.0443459 	 4.35773 	 4.8031 
79700	 0.0438254 	 3.97274 	 4.06508 
79800	 0.0314167 	 3.89232 	 3.758 
79900	 0.0451113 	 3.86454 	 4.50598 
80000	 0.0507496 	 5.05482 	 5.80475 
80100	 0.0477538 	 4.38384 	 4.61031 
80200	 0.0512685 	 3.57106 	 3.81161 
80300	 0.0291673 	 4.5547 	 4.38573 
80400	 0.0445275 	 3.86043 	 3.97695 
80500	 0.0493597 	 3.94462 	 4.56928 
80600	 0.0452272 	 5.73402 	 5.60262 
80700	 0.0395957 	 3.60391 	 3.92295 
80800	 0.0347901 	 4.55398 	 4.84525 
80900	 0.0236832 	 3.64437 	 4.13461 
81000	 0.0490555 	 5.14099 	 6.09395 
81100	 0.0330394 	 4.3621 	 5.20757 
81200	 0.0543463 	 5.10567 	 4.77917 
81300	 0.0395158 	 4.14396 	 4.61776 
81400	 0.0468665 	 5.09082 	 5.16442 
81500	 0.0533639 	 4.26397 	 4.51212 
81600	 0.0517376 	 5.07532 	 6.37972 
81700	 0.0433061 	 4.39038 	 4.7723 
81800	 0.0503413 	 3.74326 	 3.74685 
81900	 0.0485083 	 4.38733 	 4.6935 
82000	 0.0435794 	 4.07499 	 4.38078 
82100	 0.0501871 	 4.74077 	 5.13644 
82200	 0.0546117 	 3.89513 	 4.79715 
82300	 0.0442495 	 4.07856 	 5.10117 
82400	 0.0480406 	 3.94505 	 4.17567 
82500	 0.0527928 	 3.86094 	 4.05096 
82600	 0.0444887 	 5.19667 	 6.2134 
82700	 0.0422602 	 5.1992 	 6.32401 
82800	 0.072582 	 4.0693 	 4.73766 
82900	 0.0630726 	 4.55884 	 4.98003 
83000	 0.0585458 	 3.9016 	 4.487 
83100	 0.069122 	 3.8523 	 4.09178 
83200	 0.0665941 	 3.5674 	 3.80548 
83300	 0.0492105 	 4.30258 	 4.58296 
83400	 0.0425456 	 3.47272 	 3.99232 
83500	 0.0363761 	 3.72475 	 4.42409 
83600	 0.0476666 	 4.11465 	 4.0634 
83700	 0.0400921 	 4.32333 	 4.66845 
83800	 0.0490054 	 4.63677 	 4.99353 
83900	 0.0297634 	 3.90637 	 4.39794 
84000	 0.054889 	 4.40616 	 4.94807 
84100	 0.0426761 	 4.05211 	 4.38363 
84200	 0.0574389 	 5.34483 	 5.63898 
84300	 0.0422779 	 4.17288 	 3.99317 
84400	 0.0312657 	 3.77939 	 3.78767 
84500	 0.058088 	 4.5526 	 4.95208 
84600	 0.0395849 	 4.66228 	 5.31597 
84700	 0.0563134 	 4.74626 	 4.82755 
84800	 0.0355918 	 3.97232 	 4.30933 
84900	 0.0405746 	 5.45997 	 5.93068 
85000	 0.035247 	 4.4993 	 4.27967 
85100	 0.0439892 	 4.22669 	 4.31247 
85200	 0.0488256 	 4.13145 	 4.06389 
85300	 0.047885 	 5.61486 	 5.9988 
85400	 0.0386992 	 4.1547 	 4.88587 
85500	 0.0427425 	 4.10085 	 4.4663 
85600	 0.0354233 	 3.63664 	 3.64523 
85700	 0.031683 	 3.45465 	 3.85699 
85800	 0.062675 	 4.11251 	 4.51667 
85900	 0.030179 	 4.09837 	 4.01792 
86000	 0.0425928 	 4.26904 	 5.03641 
86100	 0.0385756 	 4.29068 	 4.50275 
86200	 0.0538877 	 4.43353 	 5.02544 
86300	 0.06392 	 4.76255 	 5.54238 
86400	 0.0654079 	 4.43399 	 4.70241 
86500	 0.0283458 	 3.6886 	 4.06755 
86600	 0.0635427 	 3.88014 	 4.20996 
86700	 0.0371568 	 4.15291 	 4.25359 
86800	 0.0432253 	 4.29404 	 5.12418 
86900	 0.054751 	 4.0765 	 4.57086 
87000	 0.0532214 	 4.4062 	 4.47803 
87100	 0.0327832 	 4.11278 	 4.75441 
87200	 0.0385282 	 4.15358 	 4.32936 
87300	 0.0336949 	 3.56017 	 4.1127 
87400	 0.05072 	 4.03824 	 3.68913 
87500	 0.0280376 	 4.5068 	 5.66807 
87600	 0.0512489 	 3.69133 	 3.97667 
87700	 0.0452672 	 4.38687 	 5.04547 
87800	 0.0338729 	 4.55133 	 4.91263 
87900	 0.0652512 	 4.57077 	 4.89837 
88000	 0.0463343 	 4.54591 	 4.88871 
88100	 0.0600334 	 4.8484 	 5.14763 
88200	 0.0636822 	 4.1941 	 4.97603 
88300	 0.0385511 	 3.84844 	 4.17334 
88400	 0.05049 	 4.26659 	 4.39612 
88500	 0.0411092 	 4.61339 	 5.24962 
88600	 0.0489948 	 4.20422 	 4.63657 
88700	 0.0278935 	 4.03219 	 4.49478 
88800	 0.0429069 	 4.80041 	 5.78071 
88900	 0.0320381 	 3.64124 	 3.79375 
89000	 0.0331467 	 3.8137 	 4.08346 
89100	 0.0489529 	 4.50152 	 4.60011 
89200	 0.0391504 	 3.6976 	 3.89713 
89300	 0.0289164 	 3.89854 	 3.85633 
89400	 0.0300337 	 4.77873 	 5.26635 
89500	 0.0425264 	 3.48895 	 3.74585 
89600	 0.0387394 	 3.53677 	 3.66191 
89700	 0.0327832 	 4.29489 	 4.28018 
89800	 0.0598503 	 4.28205 	 4.84475 
89900	 0.0301341 	 4.53258 	 5.24264 
90000	 0.0347495 	 4.2905 	 4.41714 
90100	 0.052293 	 3.64268 	 4.31906 
90200	 0.0550986 	 4.28738 	 4.40169 
90300	 0.0426683 	 4.43893 	 5.02064 
90400	 0.0533844 	 4.07137 	 4.30795 
90500	 0.041041 	 3.85983 	 4.38504 
90600	 0.0289829 	 4.20395 	 4.84362 
90700	 0.028772 	 3.39269 	 3.64186 
90800	 0.0311039 	 3.63881 	 4.02759 
90900	 0.038032 	 4.31657 	 3.91143 
91000	 0.0460527 	 3.94875 	 4.89139 
91100	 0.0584036 	 3.28634 	 3.76532 
91200	 0.074787 	 4.98306 	 5.81939 
91300	 0.0415347 	 5.18017 	 5.11569 
91400	 0.0402742 	 4.46203 	 5.08589 
91500	 0.0398768 	 4.2844 	 4.65013 
91600	 0.03159 	 3.80263 	 3.6229 
91700	 0.0375675 	 4.51494 	 4.792 
91800	 0.0533748 	 4.30232 	 4.88773 
91900	 0.0398807 	 4.49515 	 4.41132 
92000	 0.0438175 	 3.78723 	 3.81264 
92100	 0.0380264 	 4.23692 	 4.0117 
92200	 0.0383402 	 3.95897 	 3.87844 
92300	 0.0377346 	 3.68204 	 4.27465 
92400	 0.0455765 	 3.86825 	 4.40625 
92500	 0.0484188 	 4.48819 	 5.70986 
92600	 0.0275773 	 4.2553 	 4.53434 
92700	 0.0720573 	 4.90894 	 5.59948 
92800	 0.0370416 	 3.43108 	 3.88635 
92900	 0.0328303 	 4.00591 	 4.53941 
93000	 0.0489716 	 4.34968 	 4.59311 
93100	 0.0501855 	 5.49902 	 5.30084 
93200	 0.049147 	 3.69348 	 3.67342 
93300	 0.0344107 	 4.39982 	 4.78548 
93400	 0.060552 	 4.47261 	 4.71096 
93500	 0.048967 	 3.99236 	 4.34736 
93600	 0.0453721 	 4.45678 	 4.96755 
93700	 0.0340859 	 3.59034 	 3.90164 
93800	 0.051095 	 3.83824 	 4.10152 
93900	 0.0519336 	 4.57695 	 4.86706 
94000	 0.0492674 	 4.41834 	 4.28449 
94100	 0.044451 	 4.74848 	 5.19221 
94200	 0.0273122 	 4.20491 	 5.19972 
94300	 0.0640274 	 4.44456 	 4.73337 
94400	 0.0454597 	 3.12049 	 3.50627 
94500	 0.0575395 	 5.21964 	 5.5166 
94600	 0.0352171 	 3.80514 	 4.19496 
94700	 0.0716651 	 4.40892 	 4.37041 
94800	 0.0265335 	 3.4402 	 3.74609 
94900	 0.0400897 	 4.93517 	 5.0344 
95000	 0.0390031 	 4.05505 	 4.60587 
95100	 0.0592498 	 4.91657 	 5.08613 
95200	 0.0428205 	 3.78482 	 4.1866 
95300	 0.0544042 	 4.15152 	 5.17176 
95400	 0.0243276 	 3.84003 	 3.75022 
95500	 0.0421089 	 3.44812 	 3.74567 
95600	 0.0374964 	 4.93548 	 5.15578 
95700	 0.0473906 	 3.61348 	 4.05398 
95800	 0.0447188 	 3.95847 	 4.00894 
95900	 0.0547279 	 3.52731 	 3.66523 
96000	 0.0511065 	 3.9853 	 4.5477 
96100	 0.0436604 	 3.94352 	 4.57724 
96200	 0.0422927 	 4.05961 	 4.79634 
96300	 0.0451189 	 4.79112 	 5.49158 
96400	 0.0336231 	 3.99198 	 4.18125 
96500	 0.0379953 	 4.28358 	 4.87441 
96600	 0.0415136 	 3.28833 	 3.77112 
96700	 0.048452 	 4.08929 	 4.74405 
96800	 0.05438 	 3.81481 	 3.32838 
96900	 0.0671226 	 3.99694 	 4.53468 
97000	 0.0469327 	 4.40572 	 4.61876 
97100	 0.019349 	 3.96912 	 4.23781 
97200	 0.0401615 	 4.5797 	 5.30946 
97300	 0.0394637 	 3.87401 	 4.44109 
97400	 0.0290811 	 3.66599 	 3.64028 
97500	 0.0359287 	 3.09514 	 3.18344 
97600	 0.0446993 	 3.91189 	 4.44543 
97700	 0.0578709 	 3.79193 	 4.42814 
97800	 0.037178 	 5.14175 	 5.96917 
97900	 0.0315694 	 4.54222 	 5.04712 
98000	 0.0476172 	 3.48057 	 4.14151 
98100	 0.0691211 	 4.20167 	 4.32755 
98200	 0.0413333 	 3.58411 	 3.29995 
98300	 0.0327751 	 3.96244 	 4.64089 
98400	 0.0287935 	 3.83865 	 4.23282 
98500	 0.0574173 	 3.97181 	 3.74248 
98600	 0.0393072 	 3.77349 	 4.19232 
98700	 0.0422952 	 4.04019 	 4.23237 
98800	 0.0470356 	 4.45573 	 4.83362 
98900	 0.0461675 	 3.74332 	 3.90715 
99000	 0.0582808 	 3.96361 	 4.73587 
99100	 0.0459439 	 3.55051 	 3.79934 
99200	 0.0753239 	 4.13112 	 4.79797 
99300	 0.0350845 	 4.10402 	 4.82199 
99400	 0.064182 	 3.84658 	 4.1904 
99500	 0.0440651 	 3.62554 	 3.97241 
99600	 0.0261683 	 3.94132 	 4.23034 
99700	 0.0352024 	 4.00667 	 4.01901 
99800	 0.05505 	 4.18844 	 4.36413 
99900	 0.0253967 	 3.99807 	 4.92836 
100000	 0.0519769 	 4.51441 	 4.49122 
100100	 0.0529474 	 3.63033 	 4.17338 
100200	 0.0376731 	 3.87981 	 4.84081 
100300	 0.0385945 	 5.29238 	 4.80493 
100400	 0.0340431 	 3.75954 	 4.28078 
100500	 0.0589782 	 3.66714 	 4.12996 
100600	 0.0483879 	 3.89035 	 4.06264 
100700	 0.0377319 	 3.89766 	 4.30939 
100800	 0.0561332 	 5.05481 	 6.09721 
100900	 0.0399363 	 3.80049 	 4.31702 
101000	 0.055122 	 4.1989 	 4.64258 
101100	 0.0322245 	 4.11163 	 4.58261 
101200	 0.0534402 	 3.81947 	 3.52123 
101300	 0.0490837 	 3.9226 	 3.92197 
101400	 0.0681097 	 3.98235 	 4.37642 
101500	 0.0514919 	 4.41106 	 5.38434 
101600	 0.0310869 	 4.12485 	 4.36011 
101700	 0.0573236 	 4.51532 	 5.10689 
101800	 0.0485495 	 3.61726 	 3.94124 
101900	 0.0364354 	 4.70875 	 4.83474 
102000	 0.0527171 	 3.71141 	 3.62529 
102100	 0.0415952 	 3.78948 	 3.77289 
102200	 0.0375072 	 3.41243 	 3.4982 
102300	 0.0423267 	 4.57132 	 5.12172 
102400	 0.0445499 	 3.5965 	 4.11545 
102500	 0.0578302 	 3.47047 	 3.92759 
102600	 0.0431919 	 3.60487 	 3.90218 
102700	 0.0452026 	 4.71455 	 4.90877 
102800	 0.0443565 	 4.32204 	 4.82051 
102900	 0.0449184 	 3.59509 	 3.64378 
103000	 0.0614313 	 3.41427 	 3.57132 
103100	 0.0449967 	 3.78338 	 3.81838 
103200	 0.0504346 	 4.69559 	 5.13109 
103300	 0.0446511 	 4.08684 	 4.50379 
103400	 0.0670551 	 4.11215 	 4.70075 
103500	 0.0340286 	 3.99936 	 4.58133 
103600	 0.0365846 	 3.57172 	 3.67241 
103700	 0.0585259 	 3.73761 	 4.23787 
103800	 0.058076 	 4.77705 	 5.7904 
103900	 0.0498829 	 3.39759 	 3.3141 
104000	 0.031643 	 3.74723 	 3.81206 
104100	 0.0438823 	 3.97404 	 4.06745 
104200	 0.0353193 	 4.75903 	 4.70683 
104300	 0.0508457 	 4.57326 	 5.31349 
104400	 0.0573883 	 4.66811 	 3.8392 
104500	 0.0501489 	 4.43448 	 4.48615 
104600	 0.0452262 	 3.64893 	 3.82547 
104700	 0.0481511 	 3.6657 	 4.06452 
104800	 0.0459178 	 4.13139 	 4.33552 
104900	 0.0480185 	 3.99463 	 4.33563 
105000	 0.0456494 	 4.33157 	 4.64168 
105100	 0.0470277 	 3.9342 	 3.94305 
105200	 0.0569713 	 4.87318 	 5.84959 
105300	 0.0473057 	 4.04058 	 4.02706 
105400	 0.0432288 	 4.68522 	 5.2637 
105500	 0.0548888 	 3.89396 	 4.09213 
105600	 0.0313829 	 4.47715 	 4.39354 
105700	 0.0446603 	 3.93074 	 4.56181 
105800	 0.034444 	 3.21901 	 3.57265 
105900	 0.0385968 	 3.9165 	 4.10164 
106000	 0.0340197 	 4.47568 	 4.77787 
106100	 0.0554558 	 4.51798 	 4.72001 
106200	 0.0370873 	 3.55458 	 3.80632 
106300	 0.0544708 	 4.56184 	 5.01966 
106400	 0.0268154 	 3.99596 	 4.14478 
106500	 0.0374193 	 5.11424 	 5.07474 
106600	 0.0528779 	 3.87866 	 4.56909 
106700	 0.028582 	 3.65731 	 3.77791 
106800	 0.0377113 	 4.32499 	 4.96394 
106900	 0.0373647 	 3.31875 	 3.59622 
107000	 0.0389606 	 4.16153 	 3.82275 
107100	 0.0531934 	 4.02258 	 4.18667 
107200	 0.0352457 	 3.45238 	 3.30256 
107300	 0.053135 	 4.73113 	 4.65029 
107400	 0.0357269 	 4.15418 	 3.97814 
107500	 0.0481118 	 4.53644 	 4.68614 
107600	 0.0392504 	 3.36585 	 4.17988 
107700	 0.0461922 	 3.52574 	 3.69284 
107800	 0.0289328 	 4.24512 	 4.45803 
107900	 0.0495751 	 3.6674 	 4.03668 
108000	 0.0466272 	 4.14565 	 5.0136 
108100	 0.04041 	 4.90442 	 5.07577 
108200	 0.065878 	 4.25358 	 5.01662 
108300	 0.0428354 	 3.97484 	 4.82916 
108400	 0.034643 	 3.77967 	 4.68132 
108500	 0.0545342 	 4.48027 	 5.01664 
108600	 0.0418784 	 4.04273 	 4.60324 
108700	 0.043399 	 3.87345 	 4.18821 
108800	 0.07337 	 4.12992 	 4.7819 
108900	 0.0404893 	 4.0808 	 4.99044 
109000	 0.0372982 	 3.85609 	 4.01017 
109100	 0.0529236 	 3.88657 	 4.45382 
109200	 0.0489876 	 4.20696 	 4.82591 
109300	 0.0510449 	 3.97473 	 4.17638 
109400	 0.0415503 	 4.0839 	 4.41831 
109500	 0.0380447 	 3.52133 	 3.63337 
109600	 0.0331448 	 3.48182 	 4.16692 
109700	 0.0371214 	 4.15401 	 4.79156 
109800	 0.0332026 	 4.22713 	 4.65483 
109900	 0.0507128 	 3.99748 	 3.80079 
110000	 0.0342357 	 4.17971 	 4.44895 
110100	 0.0474731 	 4.16051 	 4.59846 
110200	 0.0311172 	 4.05595 	 4.11285 
110300	 0.0505347 	 4.38789 	 5.22469 
110400	 0.0292114 	 3.58147 	 3.45897 
110500	 0.0291892 	 4.14702 	 4.74248 
110600	 0.0595601 	 3.8235 	 3.86318 
110700	 0.034641 	 3.95291 	 3.91645 
110800	 0.0521477 	 4.26468 	 4.71911 
110900	 0.0286935 	 4.19309 	 4.62075 
111000	 0.0254535 	 3.78929 	 4.20696 
111100	 0.0560497 	 3.41964 	 3.26342 
111200	 0.039169 	 3.67664 	 3.81131 
111300	 0.0448613 	 3.87302 	 4.07196 
111400	 0.0478357 	 4.59163 	 5.37506 
111500	 0.0434273 	 4.17863 	 4.27432 
111600	 0.0492203 	 4.10209 	 4.60705 
111700	 0.0436105 	 3.03192 	 2.89952 
111800	 0.0540374 	 4.0875 	 4.03625 
111900	 0.0424947 	 4.52452 	 4.80257 
112000	 0.0736935 	 3.93493 	 4.41689 
112100	 0.0589879 	 4.00207 	 3.89906 
112200	 0.038439 	 3.99697 	 3.53478 
112300	 0.0473685 	 4.59755 	 4.37276 
112400	 0.0462314 	 3.82015 	 4.20053 
112500	 0.0350296 	 4.24081 	 4.59656 
112600	 0.0225283 	 4.21485 	 4.64732 
112700	 0.040774 	 3.61239 	 4.09409 
112800	 0.0297694 	 4.66715 	 5.33275 
112900	 0.0331228 	 4.25079 	 4.68945 
113000	 0.0382458 	 4.07559 	 3.90411 
113100	 0.0500652 	 4.71623 	 5.39847 
113200	 0.0471421 	 4.22893 	 4.34545 
113300	 0.0534286 	 3.72781 	 3.89358 
113400	 0.0435074 	 3.98737 	 4.3651 
113500	 0.0332029 	 4.38898 	 4.4972 
113600	 0.0490707 	 5.32589 	 5.43936 
113700	 0.0505116 	 4.44243 	 4.99828 
113800	 0.0575409 	 4.56796 	 4.42 
113900	 0.0402625 	 4.23307 	 4.69168 
114000	 0.0299618 	 3.40472 	 3.90346 
